 0 	 0 	 -9.995000 	 -0.012300 	 0.000000 	 0.000000  
 100 	 0 	 -9.995000 	 -0.011300 	 0.000000 	 0.000000  
 200 	 0 	 -9.995000 	 -0.004800 	 0.000000 	 0.000000  
 300 	 0 	 -9.995000 	 0.006100 	 0.000000 	 0.000000  
 400 	 0 	 -9.995000 	 0.006100 	 0.000000 	 0.000000  
 500 	 0 	 -9.995000 	 0.000000 	 0.000000 	 0.000000  
 600 	 0 	 -9.995000 	 -0.003300 	 0.000000 	 0.000000  
 700 	 0 	 -9.995000 	 -0.003800 	 0.000000 	 0.000000  
 800 	 0 	 -9.995000 	 0.006100 	 0.000000 	 0.000000  
 900 	 0 	 -9.995000 	 -0.004800 	 0.000000 	 0.000000  
 1000 	 0 	 -9.995000 	 -0.017300 	 0.000000 	 0.000000  
 1100 	 0 	 -9.995000 	 -0.015800 	 0.000000 	 0.000000  
 1200 	 0 	 -9.995000 	 -0.007300 	 0.000000 	 0.000000  
 1300 	 0 	 -9.995000 	 0.010000 	 0.000000 	 0.000000  
 1400 	 0 	 -9.995000 	 0.014100 	 0.000000 	 0.000000  
 1500 	 0 	 -9.995000 	 0.004100 	 0.000000 	 0.000000  
 1600 	 0 	 -9.995000 	 0.008600 	 0.000000 	 0.000000  
 1700 	 0 	 -9.995000 	 0.001600 	 0.000000 	 0.000000  
 1800 	 0 	 -9.995000 	 -0.001300 	 0.000000 	 0.000000  
 1900 	 0 	 -9.995000 	 -0.007300 	 0.000000 	 0.000000  
 2000 	 0 	 -9.995000 	 -0.009800 	 0.000000 	 0.000000  
 2000 	 23 	 -9.995000 	 -0.003800 	 0.000000 	 0.000000  
 1900 	 23 	 -9.995000 	 0.006100 	 0.000000 	 0.000000  
 1800 	 23 	 -9.995000 	 0.006100 	 0.000000 	 0.000000  
 1700 	 23 	 -9.995000 	 0.015000 	 0.000000 	 0.000000  
 1600 	 23 	 -9.995000 	 0.023100 	 0.000000 	 0.000000  
 1500 	 23 	 -9.995000 	 0.022500 	 0.000000 	 0.000000  
 1400 	 23 	 -9.995000 	 0.032500 	 0.000000 	 0.000000  
 1300 	 23 	 -9.995000 	 0.020000 	 0.000000 	 0.000000  
 1200 	 23 	 -9.995000 	 0.000000 	 0.000000 	 0.000000  
 1100 	 23 	 -9.995000 	 -0.011300 	 0.000000 	 0.000000  
 1000 	 23 	 -9.995000 	 -0.023300 	 0.000000 	 0.000000  
 900 	 23 	 -9.995000 	 -0.013000 	 0.000000 	 0.000000  
 800 	 23 	 -9.995000 	 -0.007300 	 0.000000 	 0.000000  
 700 	 23 	 -9.995000 	 -0.023300 	 0.000000 	 0.000000  
 600 	 23 	 -9.995000 	 -0.029800 	 0.000000 	 0.000000  
 500 	 23 	 -9.995000 	 -0.033800 	 0.000000 	 0.000000  
 400 	 23 	 -9.995000 	 -0.032300 	 0.000000 	 0.000000  
 300 	 23 	 -9.995000 	 -0.023300 	 0.000000 	 0.000000  
 200 	 23 	 -9.995000 	 -0.028300 	 0.000000 	 0.000000  
 100 	 23 	 -9.995000 	 -0.027300 	 0.000000 	 0.000000  
 0 	 23 	 -9.995000 	 -0.021300 	 0.000000 	 0.000000  
 0 	 40 	 -9.995000 	 -0.014800 	 0.000000 	 0.000000  
 100 	 40 	 -9.995000 	 -0.031300 	 0.000000 	 0.000000  
 200 	 40 	 -9.995000 	 -0.031300 	 0.000000 	 0.000000  
 300 	 40 	 -9.995000 	 -0.017300 	 0.000000 	 0.000000  
 400 	 40 	 -9.995000 	 -0.035800 	 0.000000 	 0.000000  
 500 	 40 	 -9.995000 	 -0.038300 	 0.000000 	 0.000000  
 600 	 40 	 -9.995000 	 -0.026700 	 0.000000 	 0.000000  
 700 	 40 	 -9.995000 	 -0.018300 	 0.000000 	 0.000000  
 800 	 40 	 -9.995000 	 -0.003800 	 0.000000 	 0.000000  
 900 	 40 	 -9.995000 	 -0.012300 	 0.000000 	 0.000000  
 1000 	 40 	 -9.995000 	 -0.019800 	 0.000000 	 0.000000  
 1100 	 40 	 -9.995000 	 -0.017300 	 0.000000 	 0.000000  
 1200 	 40 	 -9.995000 	 -0.018300 	 0.000000 	 0.000000  
 1300 	 40 	 -9.995000 	 -0.025800 	 0.000000 	 0.000000  
 1400 	 40 	 -9.995000 	 -0.041300 	 0.000000 	 0.000000  
 1500 	 40 	 -9.995000 	 -0.047300 	 0.000000 	 0.000000  
 1600 	 40 	 -9.995000 	 -0.035800 	 0.000000 	 0.000000  
 1700 	 40 	 -9.995000 	 -0.018300 	 0.000000 	 0.000000  
 1800 	 40 	 -9.995000 	 0.000000 	 0.000000 	 0.000000  
 1900 	 40 	 -9.995000 	 0.012500 	 0.000000 	 0.000000  
 2000 	 40 	 -9.995000 	 -0.003800 	 0.000000 	 0.000000  
 2000 	 63 	 -9.995000 	 0.014100 	 0.000000 	 0.000000  
 1900 	 63 	 -9.995000 	 0.035000 	 0.000000 	 0.000000  
 1800 	 63 	 -9.995000 	 0.011600 	 0.000000 	 0.000000  
 1700 	 63 	 -9.995000 	 -0.004800 	 0.000000 	 0.000000  
 1600 	 63 	 -9.995000 	 -0.024800 	 0.000000 	 0.000000  
 1500 	 63 	 -9.995000 	 -0.033800 	 0.000000 	 0.000000  
 1400 	 63 	 -9.995000 	 -0.025800 	 0.000000 	 0.000000  
 1300 	 63 	 -9.995000 	 -0.015800 	 0.000000 	 0.000000  
 1200 	 63 	 -9.995000 	 -0.012300 	 0.000000 	 0.000000  
 1100 	 63 	 -9.995000 	 -0.008300 	 0.000000 	 0.000000  
 1000 	 63 	 -9.995000 	 -0.024800 	 0.000000 	 0.000000  
 900 	 63 	 -9.995000 	 -0.024800 	 0.000000 	 0.000000  
 800 	 63 	 -9.995000 	 -0.028300 	 0.000000 	 0.000000  
 700 	 63 	 -9.995000 	 -0.035800 	 0.000000 	 0.000000  
 600 	 63 	 -9.995000 	 -0.028300 	 0.000000 	 0.000000  
 500 	 63 	 -9.995000 	 -0.021300 	 0.000000 	 0.000000  
 400 	 63 	 -9.995000 	 -0.007300 	 0.000000 	 0.000000  
 300 	 63 	 -9.995000 	 0.025000 	 0.000000 	 0.000000  
 200 	 63 	 -9.995000 	 0.046100 	 0.000000 	 0.000000  
 100 	 63 	 -9.995000 	 0.086100 	 0.000000 	 0.000000  
 0 	 63 	 -9.995000 	 0.144100 	 0.000000 	 0.000000  
 0 	 80 	 -9.995000 	 -0.004800 	 0.000000 	 0.000000  
 100 	 80 	 -9.995000 	 -0.023800 	 0.000000 	 0.000000  
 200 	 80 	 -9.995000 	 -0.013800 	 0.000000 	 0.000000  
 300 	 80 	 -9.995000 	 -0.013800 	 0.000000 	 0.000000  
 400 	 80 	 -9.995000 	 -0.031300 	 0.000000 	 0.000000  
 500 	 80 	 -9.995000 	 -0.034800 	 0.000000 	 0.000000  
 600 	 80 	 -9.995000 	 -0.025800 	 0.000000 	 0.000000  
 700 	 80 	 -9.995000 	 -0.024800 	 0.000000 	 0.000000  
 800 	 80 	 -9.995000 	 -0.011300 	 0.000000 	 0.000000  
 900 	 80 	 -9.995000 	 -0.019800 	 0.000000 	 0.000000  
 1000 	 80 	 -9.995000 	 -0.028300 	 0.000000 	 0.000000  
 1100 	 80 	 -9.995000 	 -0.023800 	 0.000000 	 0.000000  
 1200 	 80 	 -9.995000 	 -0.014800 	 0.000000 	 0.000000  
 1300 	 80 	 -9.995000 	 -0.011300 	 0.000000 	 0.000000  
 1400 	 80 	 -9.995000 	 -0.015800 	 0.000000 	 0.000000  
 1500 	 80 	 -9.995000 	 -0.017300 	 0.000000 	 0.000000  
 1600 	 80 	 -9.995000 	 -0.005800 	 0.000000 	 0.000000  
 1700 	 80 	 -9.995000 	 0.006900 	 0.000000 	 0.000000  
 1800 	 80 	 -9.995000 	 0.011600 	 0.000000 	 0.000000  
 1900 	 80 	 -9.995000 	 0.028600 	 0.000000 	 0.000000  
 2000 	 80 	 -9.995000 	 0.034100 	 0.000000 	 0.000000  
 2000 	 103 	 -9.995000 	 0.012500 	 0.000000 	 0.000000  
 1900 	 103 	 -9.995000 	 0.012500 	 0.000000 	 0.000000  
 1800 	 103 	 -9.995000 	 -0.001300 	 0.000000 	 0.000000  
 1700 	 103 	 -9.995000 	 -0.013800 	 0.000000 	 0.000000  
 1600 	 103 	 -9.995000 	 -0.023300 	 0.000000 	 0.000000  
 1500 	 103 	 -9.995000 	 -0.033000 	 0.000000 	 0.000000  
 1400 	 103 	 -9.995000 	 -0.019800 	 0.000000 	 0.000000  
 1300 	 103 	 -9.995000 	 -0.008300 	 0.000000 	 0.000000  
 1200 	 103 	 -9.995000 	 -0.009800 	 0.000000 	 0.000000  
 1100 	 103 	 -9.995000 	 -0.018300 	 0.000000 	 0.000000  
 1000 	 103 	 -9.995000 	 -0.024800 	 0.000000 	 0.000000  
 900 	 103 	 -9.995000 	 -0.021300 	 0.000000 	 0.000000  
 800 	 103 	 -9.995000 	 -0.009800 	 0.000000 	 0.000000  
 700 	 103 	 -9.995000 	 -0.005800 	 0.000000 	 0.000000  
 600 	 103 	 -9.995000 	 0.006100 	 0.000000 	 0.000000  
 500 	 103 	 -9.995000 	 0.006100 	 0.000000 	 0.000000  
 400 	 103 	 -9.995000 	 0.016600 	 0.000000 	 0.000000  
 300 	 103 	 -9.995000 	 0.051600 	 0.000000 	 0.000000  
 200 	 103 	 -9.995000 	 0.070000 	 0.000000 	 0.000000  
 100 	 103 	 -9.995000 	 0.096600 	 0.000000 	 0.000000  
 0 	 103 	 -9.995000 	 0.141600 	 0.000000 	 0.000000  
 0 	 120 	 -9.995000 	 -0.018300 	 0.000000 	 0.000000  
 100 	 120 	 -9.995000 	 -0.014800 	 0.000000 	 0.000000  
 200 	 120 	 -9.995000 	 -0.011300 	 0.000000 	 0.000000  
 300 	 120 	 -9.995000 	 0.000000 	 0.000000 	 0.000000  
 400 	 120 	 -9.995000 	 -0.014800 	 0.000000 	 0.000000  
 500 	 120 	 -9.995000 	 -0.013000 	 0.000000 	 0.000000  
 600 	 120 	 -9.995000 	 -0.011300 	 0.000000 	 0.000000  
 700 	 120 	 -9.995000 	 -0.007300 	 0.000000 	 0.000000  
 800 	 120 	 -9.995000 	 0.001600 	 0.000000 	 0.000000  
 900 	 120 	 -9.995000 	 -0.007300 	 0.000000 	 0.000000  
 1000 	 120 	 -9.995000 	 -0.025800 	 0.000000 	 0.000000  
 1100 	 120 	 -9.995000 	 -0.026700 	 0.000000 	 0.000000  
 1200 	 120 	 -9.995000 	 -0.017300 	 0.000000 	 0.000000  
 1300 	 120 	 -9.995000 	 -0.004800 	 0.000000 	 0.000000  
 1400 	 120 	 -9.995000 	 -0.004800 	 0.000000 	 0.000000  
 1500 	 120 	 -9.995000 	 -0.001300 	 0.000000 	 0.000000  
 1600 	 120 	 -9.995000 	 0.011600 	 0.000000 	 0.000000  
 1700 	 120 	 -9.995000 	 0.018600 	 0.000000 	 0.000000  
 1800 	 120 	 -9.995000 	 0.031600 	 0.000000 	 0.000000  
 1900 	 120 	 -9.995000 	 0.034100 	 0.000000 	 0.000000  
 2000 	 120 	 -9.995000 	 0.016600 	 0.000000 	 0.000000  
 2000 	 143 	 -9.995000 	 -0.015800 	 0.000000 	 0.000000  
 1900 	 143 	 -9.995000 	 -0.006700 	 0.000000 	 0.000000  
 1800 	 143 	 -9.995000 	 -0.005800 	 0.000000 	 0.000000  
 1700 	 143 	 -9.995000 	 -0.006700 	 0.000000 	 0.000000  
 1600 	 143 	 -9.995000 	 -0.003800 	 0.000000 	 0.000000  
 1500 	 143 	 -9.995000 	 -0.005800 	 0.000000 	 0.000000  
 1400 	 143 	 -9.995000 	 -0.001300 	 0.000000 	 0.000000  
 1300 	 143 	 -9.995000 	 -0.005800 	 0.000000 	 0.000000  
 1200 	 143 	 -9.995000 	 -0.025800 	 0.000000 	 0.000000  
 1100 	 143 	 -9.995000 	 -0.028300 	 0.000000 	 0.000000  
 1000 	 143 	 -9.995000 	 -0.035800 	 0.000000 	 0.000000  
 900 	 143 	 -9.995000 	 -0.029800 	 0.000000 	 0.000000  
 800 	 143 	 -9.995000 	 -0.022300 	 0.000000 	 0.000000  
 700 	 143 	 -9.995000 	 -0.021300 	 0.000000 	 0.000000  
 600 	 143 	 -9.995000 	 -0.018800 	 0.000000 	 0.000000  
 500 	 143 	 -9.995000 	 -0.018800 	 0.000000 	 0.000000  
 400 	 143 	 -9.995000 	 -0.018300 	 0.000000 	 0.000000  
 300 	 143 	 -9.995000 	 -0.005800 	 0.000000 	 0.000000  
 200 	 143 	 -9.995000 	 -0.003800 	 0.000000 	 0.000000  
 100 	 143 	 -9.995000 	 0.018600 	 0.000000 	 0.000000  
 0 	 143 	 -9.995000 	 0.046100 	 0.000000 	 0.000000  
 0 	 160 	 -9.995000 	 -0.019800 	 0.000000 	 0.000000  
 100 	 160 	 -9.995000 	 -0.028300 	 0.000000 	 0.000000  
 200 	 160 	 -9.995000 	 -0.034800 	 0.000000 	 0.000000  
 300 	 160 	 -9.995000 	 -0.023300 	 0.000000 	 0.000000  
 400 	 160 	 -9.995000 	 -0.023300 	 0.000000 	 0.000000  
 500 	 160 	 -9.995000 	 -0.011300 	 0.000000 	 0.000000  
 600 	 160 	 -9.995000 	 -0.004800 	 0.000000 	 0.000000  
 700 	 160 	 -9.995000 	 -0.003300 	 0.000000 	 0.000000  
 800 	 160 	 -9.995000 	 0.011600 	 0.000000 	 0.000000  
 900 	 160 	 -9.995000 	 0.015000 	 0.000000 	 0.000000  
 1000 	 160 	 -9.995000 	 0.007500 	 0.000000 	 0.000000  
 1100 	 160 	 -9.995000 	 0.012500 	 0.000000 	 0.000000  
 1200 	 160 	 -9.995000 	 0.014100 	 0.000000 	 0.000000  
 1300 	 160 	 -9.995000 	 0.020000 	 0.000000 	 0.000000  
 1400 	 160 	 -9.995000 	 0.015000 	 0.000000 	 0.000000  
 1500 	 160 	 -9.995000 	 0.011600 	 0.000000 	 0.000000  
 1600 	 160 	 -9.995000 	 0.022500 	 0.000000 	 0.000000  
 1700 	 160 	 -9.995000 	 0.027500 	 0.000000 	 0.000000  
 1800 	 160 	 -9.995000 	 0.032500 	 0.000000 	 0.000000  
 1900 	 160 	 -9.995000 	 0.036600 	 0.000000 	 0.000000  
 2000 	 160 	 -9.995000 	 0.034100 	 0.000000 	 0.000000  
 2000 	 183 	 -9.995000 	 -0.013800 	 0.000000 	 0.000000  
 1900 	 183 	 -9.995000 	 -0.005800 	 0.000000 	 0.000000  
 1800 	 183 	 -9.995000 	 -0.014800 	 0.000000 	 0.000000  
 1700 	 183 	 -9.995000 	 -0.021300 	 0.000000 	 0.000000  
 1600 	 183 	 -9.995000 	 -0.023300 	 0.000000 	 0.000000  
 1500 	 183 	 -9.995000 	 -0.029800 	 0.000000 	 0.000000  
 1400 	 183 	 -9.995000 	 -0.024800 	 0.000000 	 0.000000  
 1300 	 183 	 -9.995000 	 -0.023300 	 0.000000 	 0.000000  
 1200 	 183 	 -9.995000 	 -0.027300 	 0.000000 	 0.000000  
 1100 	 183 	 -9.995000 	 -0.024800 	 0.000000 	 0.000000  
 1000 	 183 	 -9.995000 	 -0.032300 	 0.000000 	 0.000000  
 900 	 183 	 -9.995000 	 -0.026700 	 0.000000 	 0.000000  
 800 	 183 	 -9.995000 	 -0.021300 	 0.000000 	 0.000000  
 700 	 183 	 -9.995000 	 -0.028300 	 0.000000 	 0.000000  
 600 	 183 	 -9.995000 	 -0.019800 	 0.000000 	 0.000000  
 500 	 183 	 -9.995000 	 -0.013800 	 0.000000 	 0.000000  
 400 	 183 	 -9.995000 	 -0.007300 	 0.000000 	 0.000000  
 300 	 183 	 -9.995000 	 0.006100 	 0.000000 	 0.000000  
 200 	 183 	 -9.995000 	 0.024100 	 0.000000 	 0.000000  
 100 	 183 	 -9.995000 	 0.066100 	 0.000000 	 0.000000  
 0 	 183 	 -9.995000 	 0.124100 	 0.000000 	 0.000000  
 0 	 200 	 -9.995000 	 0.078600 	 0.000000 	 0.000000  
 100 	 200 	 -9.995000 	 0.041600 	 0.000000 	 0.000000  
 200 	 200 	 -9.995000 	 0.024100 	 0.000000 	 0.000000  
 300 	 200 	 -9.995000 	 0.024100 	 0.000000 	 0.000000  
 400 	 200 	 -9.995000 	 0.005000 	 0.000000 	 0.000000  
 500 	 200 	 -9.995000 	 -0.004800 	 0.000000 	 0.000000  
 600 	 200 	 -9.995000 	 -0.011300 	 0.000000 	 0.000000  
 700 	 200 	 -9.995000 	 -0.018300 	 0.000000 	 0.000000  
 800 	 200 	 -9.995000 	 -0.017300 	 0.000000 	 0.000000  
 900 	 200 	 -9.995000 	 -0.027300 	 0.000000 	 0.000000  
 1000 	 200 	 -9.995000 	 -0.034800 	 0.000000 	 0.000000  
 1100 	 200 	 -9.995000 	 -0.032300 	 0.000000 	 0.000000  
 1200 	 200 	 -9.995000 	 -0.034800 	 0.000000 	 0.000000  
 1300 	 200 	 -9.995000 	 -0.032300 	 0.000000 	 0.000000  
 1400 	 200 	 -9.995000 	 -0.033800 	 0.000000 	 0.000000  
 1500 	 200 	 -9.995000 	 -0.027300 	 0.000000 	 0.000000  
 1600 	 200 	 -9.995000 	 -0.007300 	 0.000000 	 0.000000  
 1700 	 200 	 -9.995000 	 0.011600 	 0.000000 	 0.000000  
 1800 	 200 	 -9.995000 	 0.024100 	 0.000000 	 0.000000  
 1900 	 200 	 -9.995000 	 0.034100 	 0.000000 	 0.000000  
 2000 	 200 	 -9.995000 	 0.021600 	 0.000000 	 0.000000  
 2000 	 223 	 -9.995000 	 0.121100 	 0.000000 	 0.000000  
 1900 	 223 	 -9.995000 	 0.134100 	 0.000000 	 0.000000  
 1800 	 223 	 -9.995000 	 0.122500 	 0.000000 	 0.000000  
 1700 	 223 	 -9.995000 	 0.104100 	 0.000000 	 0.000000  
 1600 	 223 	 -9.995000 	 0.076600 	 0.000000 	 0.000000  
 1500 	 223 	 -9.995000 	 0.044100 	 0.000000 	 0.000000  
 1400 	 223 	 -9.995000 	 0.030000 	 0.000000 	 0.000000  
 1300 	 223 	 -9.995000 	 0.017500 	 0.000000 	 0.000000  
 1200 	 223 	 -9.995000 	 0.001600 	 0.000000 	 0.000000  
 1100 	 223 	 -9.995000 	 -0.007300 	 0.000000 	 0.000000  
 1000 	 223 	 -9.995000 	 -0.018800 	 0.000000 	 0.000000  
 900 	 223 	 -9.995000 	 -0.023300 	 0.000000 	 0.000000  
 800 	 223 	 -9.995000 	 -0.018300 	 0.000000 	 0.000000  
 700 	 223 	 -9.995000 	 -0.025800 	 0.000000 	 0.000000  
 600 	 223 	 -9.995000 	 -0.031300 	 0.000000 	 0.000000  
 500 	 223 	 -9.995000 	 -0.033800 	 0.000000 	 0.000000  
 400 	 223 	 -9.995000 	 -0.031300 	 0.000000 	 0.000000  
 300 	 223 	 -9.995000 	 -0.015800 	 0.000000 	 0.000000  
 200 	 223 	 -9.995000 	 -0.015800 	 0.000000 	 0.000000  
 100 	 223 	 -9.995000 	 -0.005800 	 0.000000 	 0.000000  
 0 	 223 	 -9.995000 	 0.021600 	 0.000000 	 0.000000  
 0 	 240 	 -9.995000 	 0.062500 	 0.000000 	 0.000000  
 100 	 240 	 -9.995000 	 0.047500 	 0.000000 	 0.000000  
 200 	 240 	 -9.995000 	 0.034100 	 0.000000 	 0.000000  
 300 	 240 	 -9.995000 	 0.018600 	 0.000000 	 0.000000  
 400 	 240 	 -9.995000 	 0.000000 	 0.000000 	 0.000000  
 500 	 240 	 -9.995000 	 -0.004800 	 0.000000 	 0.000000  
 600 	 240 	 -9.995000 	 -0.003800 	 0.000000 	 0.000000  
 700 	 240 	 -9.995000 	 -0.007300 	 0.000000 	 0.000000  
 800 	 240 	 -9.995000 	 -0.002300 	 0.000000 	 0.000000  
 900 	 240 	 -9.995000 	 -0.007300 	 0.000000 	 0.000000  
 1000 	 240 	 -9.995000 	 -0.021300 	 0.000000 	 0.000000  
 1100 	 240 	 -9.995000 	 -0.023800 	 0.000000 	 0.000000  
 1200 	 240 	 -9.995000 	 -0.024800 	 0.000000 	 0.000000  
 1300 	 240 	 -9.995000 	 -0.021300 	 0.000000 	 0.000000  
 1400 	 240 	 -9.995000 	 -0.027300 	 0.000000 	 0.000000  
 1500 	 240 	 -9.995000 	 -0.028300 	 0.000000 	 0.000000  
 1600 	 240 	 -9.995000 	 -0.013800 	 0.000000 	 0.000000  
 1700 	 240 	 -9.995000 	 -0.003300 	 0.000000 	 0.000000  
 1800 	 240 	 -9.995000 	 0.006900 	 0.000000 	 0.000000  
 1900 	 240 	 -9.995000 	 0.018600 	 0.000000 	 0.000000  
 2000 	 240 	 -9.995000 	 0.014100 	 0.000000 	 0.000000  
 2000 	 263 	 -9.995000 	 0.100000 	 0.000000 	 0.000000  
 1900 	 263 	 -9.995000 	 0.117500 	 0.000000 	 0.000000  
 1800 	 263 	 -9.995000 	 0.101600 	 0.000000 	 0.000000  
 1700 	 263 	 -9.995000 	 0.081600 	 0.000000 	 0.000000  
 1600 	 263 	 -9.995000 	 0.062500 	 0.000000 	 0.000000  
 1500 	 263 	 -9.995000 	 0.034100 	 0.000000 	 0.000000  
 1400 	 263 	 -9.995000 	 0.021600 	 0.000000 	 0.000000  
 1300 	 263 	 -9.995000 	 0.011600 	 0.000000 	 0.000000  
 1200 	 263 	 -9.995000 	 -0.006700 	 0.000000 	 0.000000  
 1100 	 263 	 -9.995000 	 -0.019800 	 0.000000 	 0.000000  
 1000 	 263 	 -9.995000 	 -0.029800 	 0.000000 	 0.000000  
 900 	 263 	 -9.995000 	 -0.027300 	 0.000000 	 0.000000  
 800 	 263 	 -9.995000 	 -0.019800 	 0.000000 	 0.000000  
 700 	 263 	 -9.995000 	 -0.027300 	 0.000000 	 0.000000  
 600 	 263 	 -9.995000 	 -0.025800 	 0.000000 	 0.000000  
 500 	 263 	 -9.995000 	 -0.032300 	 0.000000 	 0.000000  
 400 	 263 	 -9.995000 	 -0.032300 	 0.000000 	 0.000000  
 300 	 263 	 -9.995000 	 -0.013800 	 0.000000 	 0.000000  
 200 	 263 	 -9.995000 	 0.000000 	 0.000000 	 0.000000  
 100 	 263 	 -9.995000 	 0.023100 	 0.000000 	 0.000000  
 0 	 263 	 -9.995000 	 0.038600 	 0.000000 	 0.000000  
 0 	 280 	 -9.995000 	 0.083100 	 0.000000 	 0.000000  
 100 	 280 	 -9.995000 	 0.052500 	 0.000000 	 0.000000  
 200 	 280 	 -9.995000 	 0.045000 	 0.000000 	 0.000000  
 300 	 280 	 -9.995000 	 0.034100 	 0.000000 	 0.000000  
 400 	 280 	 -9.995000 	 0.016600 	 0.000000 	 0.000000  
 500 	 280 	 -9.995000 	 0.017500 	 0.000000 	 0.000000  
 600 	 280 	 -9.995000 	 0.007500 	 0.000000 	 0.000000  
 700 	 280 	 -9.995000 	 -0.004800 	 0.000000 	 0.000000  
 800 	 280 	 -9.995000 	 -0.013800 	 0.000000 	 0.000000  
 900 	 280 	 -9.995000 	 -0.019800 	 0.000000 	 0.000000  
 1000 	 280 	 -9.995000 	 -0.028300 	 0.000000 	 0.000000  
 1100 	 280 	 -9.995000 	 -0.023300 	 0.000000 	 0.000000  
 1200 	 280 	 -9.995000 	 -0.015800 	 0.000000 	 0.000000  
 1300 	 280 	 -9.995000 	 -0.017300 	 0.000000 	 0.000000  
 1400 	 280 	 -9.995000 	 -0.021300 	 0.000000 	 0.000000  
 1500 	 280 	 -10.000000 	 -0.015800 	 0.000000 	 0.000000  
 1600 	 280 	 -10.000000 	 0.004100 	 0.000000 	 0.000000  
 1700 	 280 	 -10.000000 	 0.002500 	 0.000000 	 0.000000  
 1800 	 280 	 -10.000000 	 0.006100 	 0.000000 	 0.000000  
 1900 	 280 	 -10.000000 	 0.015000 	 0.000000 	 0.000000  
 2000 	 280 	 -10.000000 	 0.008600 	 0.000000 	 0.000000  
 2000 	 303 	 -10.000000 	 0.055000 	 0.000000 	 0.000000  
 1900 	 303 	 -10.000000 	 0.058600 	 0.000000 	 0.000000  
 1800 	 303 	 -10.000000 	 0.046100 	 0.000000 	 0.000000  
 1700 	 303 	 -10.000000 	 0.031600 	 0.000000 	 0.000000  
 1600 	 303 	 -10.000000 	 0.026900 	 0.000000 	 0.000000  
 1500 	 303 	 -9.995000 	 0.012500 	 0.000000 	 0.000000  
 1400 	 303 	 -9.995000 	 0.013100 	 0.000000 	 0.000000  
 1300 	 303 	 -9.995000 	 0.027500 	 0.000000 	 0.000000  
 1200 	 303 	 -9.995000 	 0.026100 	 0.000000 	 0.000000  
 1100 	 303 	 -10.000000 	 0.007500 	 0.000000 	 0.000000  
 1000 	 303 	 -10.000000 	 -0.009800 	 0.000000 	 0.000000  
 900 	 303 	 -10.000000 	 -0.007300 	 0.000000 	 0.000000  
 800 	 303 	 -10.000000 	 -0.013000 	 0.000000 	 0.000000  
 700 	 303 	 -10.000000 	 -0.023800 	 0.000000 	 0.000000  
 600 	 303 	 -10.000000 	 -0.024800 	 0.000000 	 0.000000  
 500 	 303 	 -10.000000 	 -0.024800 	 0.000000 	 0.000000  
 400 	 303 	 -10.000000 	 -0.018300 	 0.000000 	 0.000000  
 300 	 303 	 -10.000000 	 -0.015800 	 0.000000 	 0.000000  
 200 	 303 	 -10.000000 	 -0.018300 	 0.000000 	 0.000000  
 100 	 303 	 -10.000000 	 -0.014800 	 0.000000 	 0.000000  
 0 	 303 	 -10.000000 	 0.026100 	 0.000000 	 0.000000  
