  time  	 temp_tab_dw  	 temp_tab_up  	 temp_pl1  	 temp_pl2  	 temp_pl3  	 temp_amb_pc  	 temp_amb_door  	 rh_amb_pc  	 rh_amb_door  	 press_amb  	 press_diff  
 00:01:52 	 21.002644 	  21.683392 	 21.395597  	 20.507812  	 20.951705  	 22.324484  	 22.782184  	 61.938728  	 57.140416  	 1.009043  	 48.028500   
 00:03:52 	 21.002644 	  21.772993 	 21.306818  	 20.596591  	 20.862926  	 22.324484  	 22.782184  	 61.839467  	 57.239791  	 1.009633  	 48.315433   
 00:05:52 	 21.002644 	  21.772993 	 21.306818  	 20.507812  	 20.951705  	 22.324484  	 22.732442  	 61.938728  	 57.239791  	 1.009633  	 48.124144   
 00:07:52 	 20.912889 	  21.683392 	 21.306818  	 20.596591  	 20.951705  	 22.275202  	 22.732442  	 61.839467  	 57.339165  	 1.009633  	 48.219789   
 00:09:52 	 21.002644 	  21.683392 	 21.306818  	 20.596591  	 20.951705  	 22.324484  	 22.782184  	 61.938728  	 57.239791  	 1.009043  	 48.124144   
 00:11:52 	 21.002644 	  21.772993 	 21.306818  	 20.507812  	 20.862926  	 22.373765  	 22.732442  	 61.839467  	 57.239791  	 1.009633  	 48.315433   
 00:13:52 	 21.002644 	  21.683392 	 21.306818  	 20.507812  	 20.862926  	 22.373765  	 22.782184  	 61.839467  	 57.339165  	 1.009633  	 48.028500   
 00:15:52 	 21.002644 	  21.683392 	 21.218040  	 20.507812  	 20.951705  	 22.324484  	 22.782184  	 61.938728  	 57.438540  	 1.009633  	 48.124144   
 00:17:52 	 20.912889 	  21.683392 	 21.306818  	 20.507812  	 20.862926  	 22.275202  	 22.732442  	 61.938728  	 57.339165  	 1.009633  	 48.219789   
 00:19:52 	 21.002644 	  21.683392 	 21.218040  	 20.507812  	 20.862926  	 22.324484  	 22.782184  	 61.938728  	 57.339165  	 1.009633  	 48.411078   
 00:21:52 	 21.002644 	  21.683392 	 21.218040  	 20.507812  	 20.951705  	 22.324484  	 22.782184  	 61.938728  	 57.339165  	 1.009633  	 48.315433   
 00:23:52 	 21.002644 	  21.772993 	 21.306818  	 20.507812  	 20.862926  	 22.275202  	 22.782184  	 62.037989  	 57.239791  	 1.009633  	 48.028500   
 00:25:52 	 21.002644 	  21.683392 	 21.218040  	 20.507812  	 20.862926  	 22.275202  	 22.782184  	 61.938728  	 57.438540  	 1.009633  	 48.315433   
 00:27:52 	 21.002644 	  21.772993 	 21.218040  	 20.507812  	 20.862926  	 22.275202  	 22.782184  	 62.037989  	 57.339165  	 1.009633  	 48.315433   
 00:29:52 	 21.002644 	  21.683392 	 21.306818  	 20.507812  	 20.951705  	 22.275202  	 22.782184  	 62.037989  	 57.438540  	 1.009633  	 48.219789   
 00:31:52 	 21.002644 	  21.683392 	 21.395597  	 20.507812  	 21.040483  	 22.324484  	 22.732442  	 62.037989  	 57.438540  	 1.009633  	 48.315433   
 00:33:52 	 21.002644 	  21.683392 	 21.218040  	 20.507812  	 20.951705  	 22.275202  	 22.732442  	 62.037989  	 57.438540  	 1.009633  	 48.219789   
 00:35:52 	 21.002644 	  21.683392 	 21.306818  	 20.596591  	 20.862926  	 22.275202  	 22.732442  	 62.137250  	 57.537915  	 1.009633  	 48.124144   
 00:37:52 	 20.912889 	  21.683392 	 21.306818  	 20.507812  	 20.951705  	 22.324484  	 22.732442  	 62.037989  	 57.537915  	 1.009633  	 48.315433   
 00:39:52 	 20.912889 	  21.683392 	 21.218040  	 20.419034  	 20.951705  	 22.275202  	 22.782184  	 62.137250  	 57.537915  	 1.009633  	 47.932856   
 00:41:52 	 21.002644 	  21.683392 	 21.306818  	 20.507812  	 20.862926  	 22.324484  	 22.732442  	 62.137250  	 57.537915  	 1.009633  	 48.219789   
 00:43:52 	 21.002644 	  21.683392 	 21.306818  	 20.507812  	 20.862926  	 22.275202  	 22.732442  	 62.137250  	 57.537915  	 1.009633  	 48.219789   
 00:45:52 	 21.002644 	  21.683392 	 21.306818  	 20.507812  	 20.951705  	 22.324484  	 22.732442  	 62.137250  	 57.637289  	 1.009633  	 48.124144   
 00:47:52 	 21.002644 	  21.683392 	 21.218040  	 20.507812  	 20.862926  	 22.324484  	 22.732442  	 62.037989  	 57.637289  	 1.009633  	 48.219789   
 00:49:52 	 21.002644 	  21.683392 	 21.218040  	 20.507812  	 20.862926  	 22.324484  	 22.732442  	 62.137250  	 57.637289  	 1.009633  	 48.028500   
 00:51:52 	 21.002644 	  21.683392 	 21.395597  	 20.507812  	 20.862926  	 22.275202  	 22.682699  	 62.236511  	 57.736664  	 1.009633  	 48.315433   
 00:53:52 	 21.092399 	  21.683392 	 21.306818  	 20.507812  	 20.951705  	 22.324484  	 22.732442  	 62.137250  	 57.736664  	 1.009633  	 48.124144   
 00:55:52 	 20.912889 	  21.683392 	 21.218040  	 20.507812  	 20.862926  	 22.275202  	 22.732442  	 62.236511  	 57.637289  	 1.009633  	 48.315433   
 00:57:52 	 21.002644 	  21.683392 	 21.306818  	 20.507812  	 20.862926  	 22.275202  	 22.682699  	 62.236511  	 57.736664  	 1.009633  	 48.506722   
 00:59:52 	 21.002644 	  21.683392 	 21.306818  	 20.507812  	 20.951705  	 22.275202  	 22.682699  	 62.236511  	 57.836039  	 1.009633  	 48.124144   
 01:01:52 	 21.002644 	  21.683392 	 21.306818  	 20.507812  	 20.862926  	 22.275202  	 22.682699  	 62.236511  	 57.836039  	 1.009633  	 48.315433   
 01:03:52 	 21.002644 	  21.683392 	 21.306818  	 20.507812  	 20.951705  	 22.324484  	 22.732442  	 62.137250  	 57.637289  	 1.009633  	 48.411078   
 01:05:52 	 21.002644 	  21.683392 	 21.306818  	 20.507812  	 20.862926  	 22.275202  	 22.732442  	 62.236511  	 57.637289  	 1.009633  	 48.219789   
 01:07:52 	 21.002644 	  21.683392 	 21.218040  	 20.596591  	 20.862926  	 22.373765  	 22.732442  	 62.137250  	 57.736664  	 1.009633  	 48.124144   
 01:09:52 	 20.912889 	  21.683392 	 21.306818  	 20.596591  	 20.951705  	 22.373765  	 22.732442  	 62.137250  	 57.736664  	 1.009043  	 48.124144   
 01:11:52 	 20.912889 	  21.683392 	 21.306818  	 20.507812  	 20.862926  	 22.275202  	 22.732442  	 62.236511  	 57.637289  	 1.009633  	 48.028500   
 01:13:52 	 21.002644 	  21.683392 	 21.218040  	 20.596591  	 20.951705  	 22.275202  	 22.732442  	 62.236511  	 57.637289  	 1.009633  	 48.219789   
 01:15:52 	 20.912889 	  21.683392 	 21.218040  	 20.507812  	 20.951705  	 22.275202  	 22.732442  	 62.236511  	 57.637289  	 1.009633  	 48.315433   
 01:17:52 	 21.002644 	  21.683392 	 21.306818  	 20.507812  	 20.951705  	 22.275202  	 22.682699  	 62.335771  	 57.736664  	 1.009633  	 48.124144   
 01:19:52 	 21.002644 	  21.772993 	 21.306818  	 20.507812  	 20.862926  	 22.275202  	 22.782184  	 62.236511  	 57.637289  	 1.009633  	 48.124144   
 01:21:52 	 21.002644 	  21.593791 	 21.306818  	 20.507812  	 20.951705  	 22.275202  	 22.732442  	 62.335771  	 57.736664  	 1.009633  	 48.124144   
 01:23:52 	 20.912889 	  21.683392 	 21.218040  	 20.507812  	 20.862926  	 22.275202  	 22.682699  	 62.335771  	 57.736664  	 1.009633  	 48.315433   
 01:25:52 	 21.002644 	  21.683392 	 21.306818  	 20.419034  	 20.951705  	 22.275202  	 22.732442  	 62.236511  	 57.736664  	 1.009633  	 48.124144   
 01:27:52 	 21.002644 	  21.683392 	 21.306818  	 20.507812  	 20.862926  	 22.324484  	 22.732442  	 62.335771  	 57.736664  	 1.009633  	 48.315433   
 01:29:52 	 20.912889 	  21.683392 	 21.306818  	 20.507812  	 20.951705  	 22.275202  	 22.782184  	 62.335771  	 57.637289  	 1.009633  	 47.645923   
 01:31:52 	 20.912889 	  21.593791 	 21.306818  	 20.507812  	 20.862926  	 22.324484  	 22.732442  	 62.236511  	 57.637289  	 1.009043  	 48.124144   
 01:33:52 	 21.002644 	  21.683392 	 21.306818  	 20.507812  	 20.951705  	 22.275202  	 22.682699  	 62.335771  	 57.736664  	 1.009043  	 48.124144   
 01:35:52 	 20.912889 	  21.683392 	 21.218040  	 20.507812  	 20.862926  	 22.275202  	 22.682699  	 62.335771  	 57.736664  	 1.009633  	 48.028500   
 01:37:52 	 20.912889 	  21.683392 	 21.306818  	 20.507812  	 20.862926  	 22.275202  	 22.682699  	 62.236511  	 57.736664  	 1.009633  	 48.124144   
 01:39:52 	 21.002644 	  21.683392 	 21.306818  	 20.507812  	 20.951705  	 22.275202  	 22.682699  	 62.335771  	 57.637289  	 1.009633  	 48.219789   
 01:41:52 	 21.002644 	  21.683392 	 21.218040  	 20.507812  	 20.862926  	 22.324484  	 22.682699  	 62.335771  	 57.836039  	 1.009633  	 48.219789   
 01:43:52 	 21.002644 	  21.683392 	 21.218040  	 20.419034  	 20.951705  	 22.225921  	 22.682699  	 62.335771  	 57.736664  	 1.009043  	 48.028500   
 01:45:52 	 21.002644 	  21.683392 	 21.306818  	 20.507812  	 20.951705  	 22.275202  	 22.732442  	 62.236511  	 57.736664  	 1.009043  	 48.028500   
 01:47:52 	 21.002644 	  21.683392 	 21.218040  	 20.507812  	 20.951705  	 22.275202  	 22.732442  	 62.335771  	 57.736664  	 1.009043  	 48.315433   
 01:49:52 	 20.912889 	  21.593791 	 21.306818  	 20.507812  	 20.862926  	 22.225921  	 22.682699  	 62.335771  	 57.736664  	 1.009043  	 48.124144   
 01:51:52 	 20.912889 	  21.683392 	 21.218040  	 20.507812  	 20.862926  	 22.275202  	 22.682699  	 62.335771  	 57.836039  	 1.009633  	 48.315433   
 01:53:52 	 21.002644 	  21.683392 	 21.218040  	 20.507812  	 20.951705  	 22.275202  	 22.682699  	 62.335771  	 57.836039  	 1.009043  	 48.219789   
 01:55:52 	 21.002644 	  21.683392 	 21.306818  	 20.507812  	 20.862926  	 22.275202  	 22.682699  	 62.335771  	 57.736664  	 1.009043  	 47.932856   
 01:57:52 	 20.912889 	  21.683392 	 21.306818  	 20.419034  	 20.951705  	 22.275202  	 22.682699  	 62.335771  	 57.836039  	 1.009043  	 48.219789   
 01:59:52 	 20.912889 	  21.683392 	 21.306818  	 20.507812  	 20.862926  	 22.275202  	 22.682699  	 62.335771  	 57.935413  	 1.009633  	 48.028500   
 02:01:52 	 21.002644 	  21.683392 	 21.306818  	 20.507812  	 20.862926  	 22.225921  	 22.682699  	 62.435032  	 57.836039  	 1.009043  	 48.219789   
 02:03:52 	 21.002644 	  21.683392 	 21.218040  	 20.507812  	 20.862926  	 22.225921  	 22.682699  	 62.534293  	 57.836039  	 1.009043  	 48.124144   
 02:05:52 	 20.912889 	  21.683392 	 21.218040  	 20.596591  	 20.862926  	 22.225921  	 22.682699  	 62.534293  	 57.935413  	 1.009043  	 48.124144   
 02:07:52 	 21.002644 	  21.593791 	 21.218040  	 20.507812  	 20.862926  	 22.225921  	 22.632956  	 62.534293  	 57.935413  	 1.009043  	 48.124144   
 02:09:52 	 20.912889 	  21.683392 	 21.218040  	 20.507812  	 20.862926  	 22.225921  	 22.682699  	 62.534293  	 57.935413  	 1.009043  	 48.219789   
 02:11:52 	 21.002644 	  21.683392 	 21.218040  	 20.507812  	 20.951705  	 22.275202  	 22.632956  	 62.534293  	 57.935413  	 1.009043  	 48.028500   
 02:13:52 	 20.912889 	  21.683392 	 21.218040  	 20.507812  	 20.862926  	 22.225921  	 22.682699  	 62.534293  	 57.935413  	 1.009633  	 48.028500   
 02:15:52 	 20.912889 	  21.683392 	 21.218040  	 20.507812  	 20.951705  	 22.225921  	 22.632956  	 62.534293  	 58.034788  	 1.009043  	 48.124144   
 02:17:52 	 20.912889 	  21.683392 	 21.218040  	 20.419034  	 20.951705  	 22.176639  	 22.632956  	 62.633554  	 58.034788  	 1.009043  	 48.219789   
 02:19:52 	 20.912889 	  21.683392 	 21.306818  	 20.419034  	 20.862926  	 22.225921  	 22.682699  	 62.534293  	 58.034788  	 1.009043  	 47.932856   
 02:21:52 	 20.912889 	  21.683392 	 21.218040  	 20.419034  	 20.951705  	 22.225921  	 22.682699  	 62.534293  	 57.935413  	 1.009043  	 48.124144   
 02:23:52 	 20.912889 	  21.593791 	 21.306818  	 20.507812  	 20.862926  	 22.225921  	 22.632956  	 62.534293  	 57.935413  	 1.009043  	 48.315433   
 02:25:52 	 20.912889 	  21.772993 	 21.218040  	 20.507812  	 20.951705  	 22.176639  	 22.682699  	 62.633554  	 58.034788  	 1.009043  	 47.837211   
 02:27:52 	 20.912889 	  21.683392 	 21.218040  	 20.507812  	 20.862926  	 22.127358  	 22.632956  	 62.732815  	 58.134163  	 1.009043  	 48.219789   
 02:29:52 	 20.912889 	  21.683392 	 21.306818  	 20.507812  	 20.951705  	 22.127358  	 22.632956  	 62.732815  	 58.233537  	 1.009043  	 48.124144   
 02:31:52 	 20.912889 	  21.683392 	 21.218040  	 20.419034  	 20.862926  	 22.225921  	 22.583213  	 62.633554  	 58.233537  	 1.009633  	 48.124144   
 02:33:52 	 20.912889 	  21.683392 	 21.218040  	 20.507812  	 20.862926  	 22.176639  	 22.632956  	 62.732815  	 58.233537  	 1.009043  	 48.315433   
 02:35:52 	 20.912889 	  21.593791 	 21.218040  	 20.507812  	 20.862926  	 22.225921  	 22.632956  	 62.633554  	 58.233537  	 1.009043  	 48.028500   
 02:37:52 	 20.912889 	  21.593791 	 21.218040  	 20.419034  	 20.951705  	 22.225921  	 22.632956  	 62.633554  	 58.233537  	 1.009043  	 48.124144   
 02:39:52 	 20.912889 	  21.683392 	 21.218040  	 20.507812  	 20.862926  	 22.225921  	 22.583213  	 62.633554  	 58.233537  	 1.009043  	 48.219789   
 02:41:52 	 20.912889 	  21.683392 	 21.218040  	 20.507812  	 20.862926  	 22.176639  	 22.583213  	 62.732815  	 58.233537  	 1.009043  	 48.124144   
 02:43:52 	 20.912889 	  21.683392 	 21.218040  	 20.419034  	 20.862926  	 22.127358  	 22.583213  	 62.732815  	 58.233537  	 1.009043  	 48.219789   
 02:45:52 	 20.912889 	  21.593791 	 21.218040  	 20.419034  	 20.862926  	 22.176639  	 22.583213  	 62.732815  	 58.332912  	 1.009043  	 48.315433   
 02:47:52 	 21.002644 	  21.683392 	 21.218040  	 20.507812  	 20.862926  	 22.127358  	 22.583213  	 62.832075  	 58.332912  	 1.009043  	 48.219789   
 02:49:52 	 20.912889 	  21.683392 	 21.218040  	 20.419034  	 20.862926  	 22.176639  	 22.583213  	 62.732815  	 58.233537  	 1.009043  	 48.124144   
 02:51:52 	 20.912889 	  21.683392 	 21.218040  	 20.507812  	 20.862926  	 22.127358  	 22.583213  	 62.832075  	 58.332912  	 1.009043  	 47.932856   
 02:53:52 	 20.912889 	  21.683392 	 21.218040  	 20.507812  	 20.862926  	 22.127358  	 22.583213  	 62.832075  	 58.332912  	 1.009043  	 48.219789   
 02:55:52 	 20.912889 	  21.683392 	 21.218040  	 20.419034  	 20.862926  	 22.127358  	 22.583213  	 62.931336  	 58.332912  	 1.009043  	 48.219789   
 02:57:52 	 20.912889 	  21.683392 	 21.218040  	 20.596591  	 20.862926  	 22.127358  	 22.583213  	 62.931336  	 58.332912  	 1.009043  	 48.124144   
 02:59:52 	 20.912889 	  21.683392 	 21.218040  	 20.507812  	 20.862926  	 22.176639  	 22.533471  	 62.832075  	 58.432286  	 1.009043  	 48.028500   
 03:01:52 	 20.912889 	  21.593791 	 21.129261  	 20.507812  	 20.774148  	 22.176639  	 22.533471  	 62.832075  	 58.432286  	 1.009043  	 48.219789   
 03:03:52 	 20.912889 	  21.683392 	 21.218040  	 20.419034  	 20.862926  	 22.127358  	 22.533471  	 62.832075  	 58.432286  	 1.008452  	 48.219789   
 03:05:52 	 20.912889 	  21.683392 	 21.129261  	 20.419034  	 20.862926  	 22.127358  	 22.533471  	 62.931336  	 58.531661  	 1.009043  	 48.219789   
 03:07:52 	 21.002644 	  21.683392 	 21.218040  	 20.507812  	 20.862926  	 22.127358  	 22.533471  	 62.832075  	 58.531661  	 1.009043  	 48.315433   
 03:09:52 	 20.912889 	  21.683392 	 21.218040  	 20.419034  	 20.862926  	 22.127358  	 22.583213  	 62.931336  	 58.432286  	 1.009043  	 48.124144   
 03:11:52 	 20.912889 	  21.593791 	 21.218040  	 20.507812  	 20.862926  	 22.127358  	 22.583213  	 63.030597  	 58.432286  	 1.008452  	 48.219789   
 03:13:52 	 20.912889 	  21.593791 	 21.218040  	 20.507812  	 20.774148  	 22.127358  	 22.583213  	 62.832075  	 58.531661  	 1.008452  	 47.837211   
 03:15:52 	 20.823135 	  21.593791 	 21.218040  	 20.507812  	 20.862926  	 22.127358  	 22.583213  	 62.832075  	 58.332912  	 1.009043  	 48.124144   
 03:17:52 	 21.002644 	  21.593791 	 21.129261  	 20.507812  	 20.862926  	 22.176639  	 22.583213  	 62.832075  	 58.531661  	 1.009043  	 48.124144   
 03:19:52 	 21.002644 	  21.683392 	 21.218040  	 20.419034  	 20.862926  	 22.176639  	 22.583213  	 62.832075  	 58.332912  	 1.009043  	 48.124144   
 03:21:52 	 20.912889 	  21.593791 	 21.218040  	 20.507812  	 20.951705  	 22.127358  	 22.533471  	 62.832075  	 58.432286  	 1.009633  	 48.028500   
 03:23:52 	 20.912889 	  21.593791 	 21.218040  	 20.507812  	 20.862926  	 22.127358  	 22.533471  	 62.832075  	 58.432286  	 1.009043  	 48.028500   
 03:25:52 	 20.912889 	  21.593791 	 21.218040  	 20.419034  	 20.862926  	 22.127358  	 22.583213  	 62.931336  	 58.432286  	 1.009043  	 48.124144   
 03:27:52 	 20.912889 	  21.593791 	 21.218040  	 20.419034  	 20.951705  	 22.127358  	 22.583213  	 62.931336  	 58.432286  	 1.009633  	 48.028500   
 03:29:52 	 21.002644 	  21.683392 	 21.218040  	 20.419034  	 20.951705  	 22.127358  	 22.583213  	 62.931336  	 58.432286  	 1.009043  	 48.124144   
 03:31:52 	 20.912889 	  21.593791 	 21.129261  	 20.507812  	 20.862926  	 22.127358  	 22.583213  	 62.832075  	 58.432286  	 1.009043  	 48.124144   
 03:33:52 	 20.912889 	  21.593791 	 21.218040  	 20.419034  	 20.862926  	 22.127358  	 22.533471  	 62.931336  	 58.531661  	 1.009043  	 48.219789   
 03:35:52 	 20.912889 	  21.593791 	 21.129261  	 20.419034  	 20.862926  	 22.176639  	 22.533471  	 63.030597  	 58.531661  	 1.009043  	 48.028500   
 03:37:52 	 21.002644 	  21.593791 	 21.218040  	 20.507812  	 20.862926  	 22.127358  	 22.533471  	 63.030597  	 58.531661  	 1.009043  	 48.028500   
 03:39:52 	 20.912889 	  21.593791 	 21.218040  	 20.419034  	 20.862926  	 22.127358  	 22.533471  	 62.931336  	 58.531661  	 1.009043  	 48.411078   
 03:41:52 	 20.912889 	  21.593791 	 21.218040  	 20.507812  	 20.862926  	 22.127358  	 22.533471  	 62.931336  	 58.531661  	 1.008452  	 48.124144   
 03:43:52 	 20.912889 	  21.593791 	 21.218040  	 20.419034  	 20.862926  	 22.127358  	 22.533471  	 62.931336  	 58.531661  	 1.009043  	 48.028500   
 03:45:52 	 20.912889 	  21.593791 	 21.218040  	 20.419034  	 20.774148  	 22.127358  	 22.583213  	 62.931336  	 58.531661  	 1.009043  	 48.219789   
 03:47:52 	 20.912889 	  21.593791 	 21.129261  	 20.419034  	 20.862926  	 22.127358  	 22.533471  	 62.931336  	 58.432286  	 1.009043  	 48.219789   
 03:49:52 	 20.823135 	  21.593791 	 21.129261  	 20.419034  	 20.862926  	 22.176639  	 22.483728  	 62.931336  	 58.531661  	 1.009043  	 48.124144   
 03:51:52 	 20.823135 	  21.593791 	 21.218040  	 20.507812  	 20.862926  	 22.127358  	 22.533471  	 62.931336  	 58.631036  	 1.009043  	 48.028500   
 03:53:52 	 20.912889 	  21.593791 	 21.218040  	 20.419034  	 20.774148  	 22.078077  	 22.533471  	 62.931336  	 58.531661  	 1.009043  	 48.219789   
 03:55:52 	 21.002644 	  21.593791 	 21.218040  	 20.330256  	 20.862926  	 22.078077  	 22.533471  	 63.030597  	 58.531661  	 1.008452  	 48.219789   
 03:57:52 	 20.823135 	  21.593791 	 21.218040  	 20.419034  	 20.862926  	 22.127358  	 22.533471  	 63.030597  	 58.531661  	 1.009043  	 48.028500   
 03:59:52 	 20.912889 	  21.593791 	 21.218040  	 20.419034  	 20.862926  	 22.127358  	 22.533471  	 63.030597  	 58.531661  	 1.009043  	 48.219789   
 04:01:52 	 20.912889 	  21.593791 	 21.218040  	 20.507812  	 20.774148  	 22.127358  	 22.533471  	 63.030597  	 58.531661  	 1.009043  	 48.124144   
 04:03:52 	 20.912889 	  21.593791 	 21.129261  	 20.419034  	 20.862926  	 22.078077  	 22.533471  	 63.030597  	 58.631036  	 1.009043  	 48.028500   
 04:05:52 	 20.912889 	  21.593791 	 21.218040  	 20.507812  	 20.862926  	 22.127358  	 22.483728  	 62.931336  	 58.730410  	 1.009043  	 48.028500   
 04:07:52 	 20.912889 	  21.593791 	 21.218040  	 20.419034  	 20.862926  	 22.078077  	 22.483728  	 62.931336  	 58.631036  	 1.009043  	 48.411078   
 04:09:52 	 20.912889 	  21.593791 	 21.218040  	 20.419034  	 20.862926  	 22.127358  	 22.533471  	 62.832075  	 58.631036  	 1.009043  	 48.124144   
 04:11:52 	 20.912889 	  21.593791 	 21.129261  	 20.419034  	 20.774148  	 22.127358  	 22.483728  	 62.931336  	 58.631036  	 1.009043  	 48.028500   
 04:13:52 	 20.912889 	  21.593791 	 21.129261  	 20.507812  	 20.862926  	 22.078077  	 22.483728  	 63.030597  	 58.631036  	 1.009043  	 48.506722   
 04:15:52 	 20.912889 	  21.593791 	 21.218040  	 20.507812  	 20.774148  	 22.078077  	 22.483728  	 62.931336  	 58.730410  	 1.009043  	 48.315433   
 04:17:52 	 20.912889 	  21.593791 	 21.129261  	 20.419034  	 20.862926  	 22.127358  	 22.483728  	 62.931336  	 58.730410  	 1.009043  	 48.028500   
 04:19:52 	 20.912889 	  21.593791 	 21.218040  	 20.419034  	 20.862926  	 22.078077  	 22.533471  	 63.129858  	 58.631036  	 1.009043  	 48.219789   
 04:21:52 	 20.823135 	  21.593791 	 21.218040  	 20.507812  	 20.862926  	 22.078077  	 22.483728  	 62.931336  	 58.631036  	 1.008452  	 47.837211   
 04:23:52 	 20.912889 	  21.593791 	 21.218040  	 20.507812  	 20.862926  	 22.078077  	 22.483728  	 62.931336  	 58.631036  	 1.009043  	 47.932856   
 04:25:52 	 20.912889 	  21.593791 	 21.218040  	 20.419034  	 20.862926  	 22.078077  	 22.533471  	 63.030597  	 58.631036  	 1.009043  	 48.028500   
 04:27:52 	 20.912889 	  21.593791 	 21.218040  	 20.419034  	 20.862926  	 22.078077  	 22.483728  	 63.129858  	 58.631036  	 1.009043  	 48.028500   
 04:29:52 	 20.912889 	  21.593791 	 21.218040  	 20.419034  	 20.862926  	 22.078077  	 22.483728  	 62.931336  	 58.631036  	 1.009043  	 48.028500   
 04:31:52 	 20.912889 	  21.593791 	 21.218040  	 20.507812  	 20.862926  	 22.127358  	 22.483728  	 62.832075  	 58.631036  	 1.009043  	 48.028500   
 04:33:52 	 21.002644 	  21.593791 	 21.218040  	 20.419034  	 20.862926  	 22.127358  	 22.483728  	 63.030597  	 58.631036  	 1.009043  	 48.124144   
 04:35:52 	 20.912889 	  21.593791 	 21.129261  	 20.419034  	 20.951705  	 22.078077  	 22.483728  	 62.931336  	 58.631036  	 1.009043  	 47.932856   
 04:37:52 	 20.912889 	  21.593791 	 21.218040  	 20.419034  	 20.862926  	 22.078077  	 22.533471  	 62.832075  	 58.531661  	 1.009043  	 48.124144   
 04:39:52 	 20.912889 	  21.593791 	 21.129261  	 20.419034  	 20.774148  	 22.078077  	 22.533471  	 62.832075  	 58.432286  	 1.009043  	 47.932856   
 04:41:52 	 20.912889 	  21.683392 	 21.218040  	 20.419034  	 20.862926  	 22.078077  	 22.533471  	 62.832075  	 58.432286  	 1.009043  	 48.219789   
 04:43:52 	 20.823135 	  21.593791 	 21.129261  	 20.507812  	 20.862926  	 22.078077  	 22.483728  	 62.931336  	 58.432286  	 1.009043  	 48.124144   
 04:45:52 	 20.912889 	  21.593791 	 21.218040  	 20.419034  	 20.862926  	 22.127358  	 22.533471  	 62.732815  	 58.531661  	 1.009043  	 48.219789   
 04:47:52 	 20.912889 	  21.593791 	 21.129261  	 20.507812  	 20.862926  	 22.078077  	 22.533471  	 62.832075  	 58.432286  	 1.009043  	 48.124144   
 04:49:52 	 20.912889 	  21.593791 	 21.218040  	 20.419034  	 20.862926  	 22.127358  	 22.533471  	 62.732815  	 58.432286  	 1.009043  	 48.028500   
 04:51:52 	 20.912889 	  21.593791 	 21.218040  	 20.330256  	 20.862926  	 22.127358  	 22.483728  	 62.832075  	 58.531661  	 1.009043  	 48.315433   
 04:53:52 	 20.912889 	  21.593791 	 21.218040  	 20.419034  	 20.862926  	 22.078077  	 22.483728  	 62.832075  	 58.631036  	 1.009043  	 48.219789   
 04:55:52 	 20.912889 	  21.593791 	 21.129261  	 20.419034  	 20.774148  	 22.127358  	 22.483728  	 62.732815  	 58.531661  	 1.009043  	 48.028500   
 04:57:52 	 20.912889 	  21.593791 	 21.040483  	 20.419034  	 20.862926  	 22.127358  	 22.483728  	 62.732815  	 58.531661  	 1.009043  	 48.219789   
 04:59:52 	 20.912889 	  21.593791 	 21.218040  	 20.419034  	 20.862926  	 22.127358  	 22.483728  	 62.832075  	 58.531661  	 1.009043  	 48.219789   
 05:01:52 	 20.912889 	  21.593791 	 21.218040  	 20.419034  	 20.862926  	 22.127358  	 22.533471  	 62.832075  	 58.432286  	 1.009043  	 47.932856   
 05:03:52 	 20.912889 	  21.593791 	 21.218040  	 20.419034  	 20.862926  	 22.078077  	 22.533471  	 62.732815  	 58.531661  	 1.009043  	 48.028500   
 05:05:52 	 20.823135 	  21.593791 	 21.218040  	 20.419034  	 20.862926  	 22.078077  	 22.533471  	 62.732815  	 58.432286  	 1.009043  	 48.124144   
 05:07:52 	 20.912889 	  21.593791 	 21.218040  	 20.419034  	 20.862926  	 22.078077  	 22.533471  	 62.931336  	 58.332912  	 1.009043  	 47.837211   
 05:09:52 	 20.912889 	  21.593791 	 21.218040  	 20.419034  	 20.862926  	 22.078077  	 22.583213  	 62.832075  	 58.332912  	 1.009043  	 48.124144   
 05:11:52 	 20.912889 	  21.593791 	 21.218040  	 20.419034  	 20.862926  	 22.078077  	 22.533471  	 62.832075  	 58.332912  	 1.008452  	 47.932856   
 05:13:52 	 21.002644 	  21.593791 	 21.218040  	 20.419034  	 20.862926  	 22.078077  	 22.583213  	 62.732815  	 58.233537  	 1.008452  	 48.028500   
 05:15:52 	 21.002644 	  21.593791 	 21.129261  	 20.419034  	 20.862926  	 22.078077  	 22.533471  	 62.732815  	 58.233537  	 1.008452  	 48.124144   
 05:17:52 	 20.912889 	  21.593791 	 21.129261  	 20.330256  	 20.862926  	 22.078077  	 22.483728  	 62.732815  	 58.332912  	 1.009043  	 48.219789   
 05:19:52 	 20.823135 	  21.593791 	 21.218040  	 20.419034  	 20.862926  	 22.078077  	 22.483728  	 62.732815  	 58.332912  	 1.008452  	 48.124144   
 05:21:52 	 20.912889 	  21.593791 	 21.129261  	 20.330256  	 20.862926  	 22.127358  	 22.483728  	 62.633554  	 58.233537  	 1.009043  	 48.028500   
 05:23:52 	 21.002644 	  21.593791 	 21.129261  	 20.419034  	 20.685369  	 22.127358  	 22.483728  	 62.534293  	 58.233537  	 1.008452  	 48.124144   
 05:25:52 	 20.912889 	  21.593791 	 21.129261  	 20.419034  	 20.862926  	 22.127358  	 22.483728  	 62.633554  	 58.233537  	 1.009043  	 48.124144   
 05:27:52 	 20.912889 	  21.593791 	 21.129261  	 20.419034  	 20.862926  	 22.078077  	 22.533471  	 62.633554  	 58.233537  	 1.008452  	 48.028500   
 05:29:52 	 20.912889 	  21.593791 	 21.218040  	 20.419034  	 20.862926  	 22.078077  	 22.533471  	 62.633554  	 58.134163  	 1.008452  	 48.028500   
 05:31:52 	 20.912889 	  21.593791 	 21.218040  	 20.419034  	 20.862926  	 22.078077  	 22.483728  	 62.534293  	 58.233537  	 1.008452  	 48.219789   
 05:33:52 	 20.912889 	  21.593791 	 21.129261  	 20.419034  	 20.862926  	 22.078077  	 22.483728  	 62.534293  	 58.134163  	 1.009043  	 47.837211   
 05:35:52 	 20.912889 	  21.593791 	 21.129261  	 20.419034  	 20.774148  	 22.078077  	 22.483728  	 62.633554  	 58.134163  	 1.008452  	 48.028500   
 05:37:52 	 20.912889 	  21.593791 	 21.129261  	 20.419034  	 20.862926  	 22.078077  	 22.483728  	 62.633554  	 58.134163  	 1.009043  	 48.124144   
 05:39:52 	 20.912889 	  21.593791 	 21.218040  	 20.419034  	 20.862926  	 22.176639  	 22.483728  	 62.534293  	 58.134163  	 1.009043  	 48.028500   
 05:41:52 	 20.912889 	  21.593791 	 21.218040  	 20.419034  	 20.774148  	 22.127358  	 22.483728  	 62.435032  	 58.134163  	 1.009043  	 48.124144   
 05:43:52 	 20.912889 	  21.593791 	 21.218040  	 20.419034  	 20.862926  	 22.176639  	 22.483728  	 62.335771  	 58.134163  	 1.009043  	 48.028500   
 05:45:52 	 20.912889 	  21.593791 	 21.129261  	 20.507812  	 20.862926  	 22.127358  	 22.483728  	 62.335771  	 58.134163  	 1.009043  	 48.124144   
 05:47:52 	 20.912889 	  21.593791 	 21.129261  	 20.419034  	 20.862926  	 22.225921  	 22.533471  	 62.335771  	 58.034788  	 1.009043  	 48.028500   
 05:49:52 	 20.912889 	  21.593791 	 21.129261  	 20.419034  	 20.951705  	 22.176639  	 22.533471  	 62.335771  	 58.134163  	 1.008452  	 48.028500   
 05:51:52 	 20.912889 	  21.593791 	 21.218040  	 20.419034  	 20.862926  	 22.176639  	 22.533471  	 62.236511  	 58.034788  	 1.009043  	 48.124144   
 05:53:52 	 20.912889 	  21.504191 	 21.218040  	 20.507812  	 20.862926  	 22.176639  	 22.533471  	 62.137250  	 58.034788  	 1.009043  	 48.124144   
 05:55:52 	 20.912889 	  21.593791 	 21.218040  	 20.419034  	 20.774148  	 22.176639  	 22.533471  	 62.236511  	 57.935413  	 1.009043  	 48.124144   
 05:57:52 	 20.912889 	  21.593791 	 21.218040  	 20.507812  	 20.774148  	 22.225921  	 22.533471  	 62.236511  	 57.836039  	 1.009043  	 48.219789   
 05:59:52 	 20.912889 	  21.593791 	 21.218040  	 20.419034  	 20.862926  	 22.176639  	 22.533471  	 62.236511  	 57.836039  	 1.009043  	 48.124144   
 06:01:52 	 20.912889 	  21.593791 	 21.218040  	 20.419034  	 20.862926  	 22.225921  	 22.533471  	 62.137250  	 57.935413  	 1.009043  	 48.124144   
 06:03:52 	 20.912889 	  21.593791 	 21.218040  	 20.507812  	 20.862926  	 22.176639  	 22.533471  	 62.137250  	 57.836039  	 1.009043  	 48.028500   
 06:05:52 	 20.912889 	  21.593791 	 21.218040  	 20.507812  	 20.862926  	 22.176639  	 22.533471  	 62.037989  	 57.836039  	 1.009043  	 48.124144   
 06:07:52 	 21.002644 	  21.593791 	 21.129261  	 20.419034  	 20.774148  	 22.225921  	 22.533471  	 62.037989  	 57.836039  	 1.008452  	 48.124144   
 06:09:52 	 20.912889 	  21.593791 	 21.218040  	 20.507812  	 20.862926  	 22.127358  	 22.533471  	 62.236511  	 57.836039  	 1.008452  	 48.028500   
 06:11:52 	 20.912889 	  21.593791 	 21.218040  	 20.507812  	 20.774148  	 22.176639  	 22.533471  	 62.236511  	 57.736664  	 1.009043  	 48.124144   
 06:13:52 	 21.002644 	  21.593791 	 21.129261  	 20.419034  	 20.862926  	 22.176639  	 22.533471  	 62.137250  	 57.836039  	 1.009043  	 48.028500   
 06:15:52 	 20.912889 	  21.683392 	 21.218040  	 20.419034  	 20.862926  	 22.176639  	 22.533471  	 62.037989  	 57.836039  	 1.008452  	 48.124144   
 06:17:52 	 20.912889 	  21.593791 	 21.129261  	 20.419034  	 20.862926  	 22.176639  	 22.533471  	 62.037989  	 57.836039  	 1.008452  	 48.219789   
 06:19:52 	 20.912889 	  21.593791 	 21.218040  	 20.507812  	 20.862926  	 22.176639  	 22.533471  	 62.137250  	 57.836039  	 1.008452  	 48.315433   
 06:21:52 	 21.002644 	  21.593791 	 21.218040  	 20.419034  	 20.774148  	 22.127358  	 22.533471  	 62.137250  	 57.736664  	 1.009043  	 48.124144   
 06:23:52 	 20.912889 	  21.593791 	 21.218040  	 20.507812  	 20.862926  	 22.176639  	 22.533471  	 62.037989  	 57.736664  	 1.008452  	 48.124144   
 06:25:52 	 20.912889 	  21.593791 	 21.218040  	 20.419034  	 20.774148  	 22.176639  	 22.483728  	 61.938728  	 57.836039  	 1.008452  	 47.932856   
 06:27:52 	 20.912889 	  21.593791 	 21.218040  	 20.419034  	 20.862926  	 22.176639  	 22.533471  	 61.938728  	 57.637289  	 1.008452  	 48.315433   
 06:29:52 	 20.912889 	  21.593791 	 21.218040  	 20.419034  	 20.774148  	 22.176639  	 22.533471  	 62.137250  	 57.637289  	 1.008452  	 48.315433   
 06:31:52 	 20.912889 	  21.593791 	 21.129261  	 20.419034  	 20.862926  	 22.127358  	 22.533471  	 62.137250  	 57.736664  	 1.008452  	 48.124144   
 06:33:52 	 20.912889 	  21.593791 	 21.218040  	 20.419034  	 20.862926  	 22.127358  	 22.483728  	 62.137250  	 57.736664  	 1.009043  	 48.124144   
 06:35:52 	 20.912889 	  21.593791 	 21.129261  	 20.419034  	 20.862926  	 22.176639  	 22.533471  	 62.037989  	 57.736664  	 1.008452  	 48.219789   
 06:37:52 	 20.912889 	  21.504191 	 21.129261  	 20.419034  	 20.862926  	 22.176639  	 22.533471  	 61.938728  	 57.736664  	 1.008452  	 48.219789   
 06:39:52 	 20.912889 	  21.593791 	 21.218040  	 20.419034  	 20.774148  	 22.176639  	 22.533471  	 62.037989  	 57.637289  	 1.008452  	 48.124144   
 06:41:52 	 20.912889 	  21.593791 	 21.218040  	 20.330256  	 20.774148  	 22.127358  	 22.483728  	 62.037989  	 57.637289  	 1.009043  	 48.219789   
 06:43:52 	 20.912889 	  21.593791 	 21.218040  	 20.419034  	 20.774148  	 22.127358  	 22.483728  	 62.037989  	 57.736664  	 1.008452  	 48.219789   
 06:45:52 	 20.912889 	  21.593791 	 21.218040  	 20.419034  	 20.774148  	 22.127358  	 22.533471  	 62.137250  	 57.637289  	 1.009043  	 48.124144   
 06:47:52 	 20.912889 	  21.593791 	 21.218040  	 20.419034  	 20.862926  	 22.127358  	 22.533471  	 62.037989  	 57.736664  	 1.009043  	 48.124144   
 06:49:52 	 20.912889 	  21.504191 	 21.129261  	 20.419034  	 20.862926  	 22.127358  	 22.533471  	 62.037989  	 57.736664  	 1.008452  	 48.315433   
 06:51:52 	 21.002644 	  21.593791 	 21.218040  	 20.419034  	 20.774148  	 22.127358  	 22.483728  	 62.037989  	 57.637289  	 1.008452  	 48.219789   
 06:53:52 	 20.912889 	  21.593791 	 21.218040  	 20.419034  	 20.862926  	 22.127358  	 22.483728  	 62.037989  	 57.736664  	 1.009043  	 48.124144   
 06:55:52 	 20.912889 	  21.593791 	 21.218040  	 20.419034  	 20.862926  	 22.078077  	 22.533471  	 62.137250  	 57.736664  	 1.008452  	 48.219789   
 06:57:52 	 20.912889 	  21.504191 	 21.218040  	 20.419034  	 20.774148  	 22.127358  	 22.533471  	 62.037989  	 57.736664  	 1.008452  	 48.219789   
 06:59:52 	 20.912889 	  21.593791 	 21.129261  	 20.419034  	 20.774148  	 22.127358  	 22.533471  	 61.938728  	 57.736664  	 1.008452  	 48.124144   
 07:01:52 	 20.912889 	  21.593791 	 21.129261  	 20.507812  	 20.774148  	 22.078077  	 22.533471  	 62.037989  	 57.736664  	 1.008452  	 48.124144   
 07:03:52 	 20.912889 	  21.593791 	 21.218040  	 20.419034  	 20.862926  	 22.127358  	 22.533471  	 62.037989  	 57.637289  	 1.008452  	 48.028500   
 07:05:52 	 20.912889 	  21.593791 	 21.129261  	 20.419034  	 20.862926  	 22.078077  	 22.533471  	 62.037989  	 57.637289  	 1.009043  	 47.932856   
 07:07:52 	 20.912889 	  21.593791 	 21.129261  	 20.419034  	 20.774148  	 22.127358  	 22.483728  	 62.137250  	 57.736664  	 1.008452  	 48.315433   
 07:09:52 	 20.912889 	  21.504191 	 21.218040  	 20.419034  	 20.774148  	 22.176639  	 22.483728  	 62.037989  	 57.736664  	 1.008452  	 48.028500   
 07:11:52 	 21.002644 	  21.593791 	 21.218040  	 20.419034  	 20.774148  	 22.078077  	 22.483728  	 62.037989  	 57.736664  	 1.008452  	 47.932856   
 07:13:52 	 21.002644 	  21.593791 	 21.129261  	 20.419034  	 20.774148  	 22.078077  	 22.533471  	 62.037989  	 57.736664  	 1.008452  	 47.932856   
 07:15:52 	 20.912889 	  21.504191 	 21.218040  	 20.419034  	 20.862926  	 22.127358  	 22.483728  	 62.037989  	 57.537915  	 1.008452  	 48.219789   
 07:17:52 	 20.912889 	  21.593791 	 21.218040  	 20.419034  	 20.862926  	 22.127358  	 22.483728  	 62.236511  	 57.637289  	 1.008452  	 48.219789   
 07:19:52 	 20.912889 	  21.593791 	 21.218040  	 20.419034  	 20.774148  	 22.078077  	 22.533471  	 62.137250  	 57.637289  	 1.008452  	 48.028500   
 07:21:52 	 20.912889 	  21.593791 	 21.218040  	 20.419034  	 20.862926  	 22.127358  	 22.533471  	 62.137250  	 57.637289  	 1.009043  	 48.219789   
 07:23:52 	 20.912889 	  21.593791 	 21.129261  	 20.419034  	 20.862926  	 22.127358  	 22.533471  	 61.938728  	 57.637289  	 1.008452  	 48.124144   
 07:25:52 	 20.912889 	  21.504191 	 21.129261  	 20.419034  	 20.862926  	 22.127358  	 22.533471  	 62.037989  	 57.637289  	 1.008452  	 48.028500   
 07:27:52 	 20.912889 	  21.593791 	 21.129261  	 20.419034  	 20.862926  	 22.127358  	 22.483728  	 62.037989  	 57.637289  	 1.008452  	 48.124144   
 07:29:52 	 20.912889 	  21.593791 	 21.129261  	 20.419034  	 20.774148  	 22.127358  	 22.533471  	 62.037989  	 57.637289  	 1.008452  	 48.028500   
 07:31:52 	 20.912889 	  21.593791 	 21.218040  	 20.419034  	 20.862926  	 22.127358  	 22.533471  	 62.037989  	 57.537915  	 1.008452  	 48.219789   
 07:33:52 	 20.912889 	  21.593791 	 21.218040  	 20.419034  	 20.862926  	 22.127358  	 22.533471  	 62.037989  	 57.637289  	 1.008452  	 48.028500   
 07:35:52 	 20.912889 	  21.593791 	 21.218040  	 20.419034  	 20.774148  	 22.127358  	 22.533471  	 61.938728  	 57.637289  	 1.008452  	 47.932856   
 07:37:52 	 20.912889 	  21.593791 	 21.129261  	 20.419034  	 20.862926  	 22.127358  	 22.533471  	 62.037989  	 57.537915  	 1.008452  	 48.219789   
 07:39:52 	 20.912889 	  21.593791 	 21.129261  	 20.419034  	 20.774148  	 22.078077  	 22.533471  	 62.037989  	 57.438540  	 1.008452  	 48.124144   
 07:41:52 	 20.912889 	  21.593791 	 21.040483  	 20.419034  	 20.862926  	 22.078077  	 22.483728  	 62.137250  	 57.537915  	 1.008452  	 48.219789   
 07:43:52 	 20.912889 	  21.593791 	 21.129261  	 20.419034  	 20.951705  	 22.127358  	 22.483728  	 62.037989  	 57.637289  	 1.008452  	 48.028500   
 07:45:52 	 20.912889 	  21.593791 	 21.218040  	 20.419034  	 20.862926  	 22.127358  	 22.433985  	 62.137250  	 57.736664  	 1.008452  	 48.124144   
 07:47:52 	 20.912889 	  21.504191 	 21.129261  	 20.330256  	 20.862926  	 22.176639  	 22.483728  	 62.037989  	 57.836039  	 1.008452  	 47.837211   
 07:49:52 	 20.912889 	  21.504191 	 21.129261  	 20.419034  	 20.862926  	 22.127358  	 22.433985  	 62.037989  	 57.736664  	 1.008452  	 48.028500   
 07:51:52 	 20.912889 	  21.593791 	 21.129261  	 20.419034  	 20.862926  	 22.127358  	 22.433985  	 62.137250  	 57.836039  	 1.008452  	 48.124144   
 07:53:52 	 20.912889 	  21.504191 	 21.129261  	 20.419034  	 20.862926  	 22.127358  	 22.433985  	 62.236511  	 57.836039  	 1.008452  	 48.028500   
 07:55:52 	 20.912889 	  21.504191 	 21.129261  	 20.419034  	 20.862926  	 22.078077  	 22.483728  	 62.236511  	 57.736664  	 1.008452  	 48.028500   
 07:57:52 	 20.912889 	  21.593791 	 21.129261  	 20.419034  	 20.774148  	 22.078077  	 22.483728  	 62.236511  	 57.836039  	 1.008452  	 48.028500   
 07:59:52 	 20.912889 	  21.504191 	 21.129261  	 20.507812  	 20.862926  	 22.078077  	 22.483728  	 62.037989  	 57.736664  	 1.008452  	 48.028500   
 08:01:52 	 21.002644 	  21.593791 	 21.129261  	 20.419034  	 20.862926  	 22.078077  	 22.533471  	 62.236511  	 57.736664  	 1.008452  	 48.028500   
 08:03:52 	 20.912889 	  21.593791 	 21.218040  	 20.419034  	 20.862926  	 22.127358  	 22.483728  	 62.236511  	 57.736664  	 1.008452  	 48.124144   
 08:05:52 	 20.912889 	  21.593791 	 21.218040  	 20.419034  	 20.862926  	 22.127358  	 22.483728  	 62.137250  	 57.736664  	 1.008452  	 48.124144   
 08:07:52 	 20.912889 	  21.504191 	 21.129261  	 20.419034  	 20.862926  	 22.127358  	 22.533471  	 62.137250  	 57.736664  	 1.008452  	 48.028500   
 08:09:52 	 21.002644 	  21.593791 	 21.129261  	 20.419034  	 20.862926  	 22.127358  	 22.533471  	 62.137250  	 57.836039  	 1.008452  	 47.932856   
 08:11:52 	 20.912889 	  21.504191 	 21.218040  	 20.419034  	 20.862926  	 22.127358  	 22.533471  	 62.137250  	 57.736664  	 1.008452  	 48.028500   
 08:13:52 	 20.912889 	  21.504191 	 21.218040  	 20.419034  	 20.774148  	 22.127358  	 22.483728  	 62.137250  	 57.836039  	 1.008452  	 48.124144   
 08:15:52 	 20.912889 	  21.593791 	 21.129261  	 20.419034  	 20.862926  	 22.078077  	 22.483728  	 62.335771  	 57.736664  	 1.009043  	 48.028500   
 08:17:52 	 20.912889 	  21.593791 	 21.129261  	 20.419034  	 20.774148  	 22.078077  	 22.533471  	 62.335771  	 57.836039  	 1.008452  	 48.124144   
 08:19:52 	 20.912889 	  21.593791 	 21.129261  	 20.419034  	 20.862926  	 22.127358  	 22.483728  	 62.236511  	 57.836039  	 1.008452  	 48.219789   
 08:21:52 	 20.912889 	  21.593791 	 21.129261  	 20.330256  	 20.862926  	 22.127358  	 22.533471  	 62.236511  	 57.736664  	 1.009043  	 47.932856   
 08:23:52 	 20.912889 	  21.504191 	 21.129261  	 20.330256  	 20.774148  	 22.127358  	 22.533471  	 62.137250  	 57.836039  	 1.008452  	 48.219789   
 08:25:52 	 21.002644 	  21.593791 	 21.129261  	 20.330256  	 20.862926  	 22.225921  	 22.583213  	 62.137250  	 57.736664  	 1.008452  	 48.219789   
 08:27:52 	 20.912889 	  21.504191 	 21.129261  	 20.419034  	 20.774148  	 22.225921  	 22.533471  	 62.236511  	 57.736664  	 1.008452  	 48.124144   
 08:29:52 	 20.912889 	  21.593791 	 21.218040  	 20.419034  	 20.685369  	 22.127358  	 22.533471  	 62.236511  	 57.935413  	 1.008452  	 48.124144   
 08:31:52 	 20.912889 	  21.593791 	 21.129261  	 20.330256  	 20.774148  	 22.127358  	 22.533471  	 62.236511  	 57.935413  	 1.008452  	 47.837211   
 08:33:52 	 20.912889 	  21.593791 	 21.218040  	 20.330256  	 20.774148  	 22.127358  	 22.533471  	 62.335771  	 57.935413  	 1.008452  	 48.028500   
 08:35:52 	 20.912889 	  21.593791 	 21.129261  	 20.419034  	 20.774148  	 22.127358  	 22.533471  	 62.335771  	 57.935413  	 1.008452  	 48.124144   
 08:37:52 	 20.912889 	  21.504191 	 21.218040  	 20.419034  	 20.862926  	 22.127358  	 22.533471  	 62.335771  	 58.034788  	 1.008452  	 48.028500   
 08:39:52 	 21.002644 	  21.593791 	 21.218040  	 20.419034  	 20.774148  	 22.127358  	 22.483728  	 62.335771  	 58.034788  	 1.007862  	 48.124144   
 08:41:52 	 20.912889 	  21.504191 	 21.218040  	 20.419034  	 20.774148  	 22.176639  	 22.533471  	 62.335771  	 58.034788  	 1.008452  	 47.932856   
 08:43:52 	 20.912889 	  21.504191 	 21.129261  	 20.507812  	 20.862926  	 22.127358  	 22.533471  	 62.335771  	 58.034788  	 1.008452  	 48.219789   
 08:45:52 	 20.912889 	  21.504191 	 21.129261  	 20.419034  	 20.862926  	 22.127358  	 22.533471  	 62.435032  	 57.935413  	 1.008452  	 48.124144   
 08:47:52 	 20.912889 	  21.593791 	 21.129261  	 20.419034  	 20.862926  	 22.127358  	 22.583213  	 62.435032  	 57.935413  	 1.008452  	 48.028500   
 08:49:52 	 20.912889 	  21.504191 	 21.218040  	 20.419034  	 20.774148  	 22.225921  	 22.533471  	 62.335771  	 58.034788  	 1.008452  	 47.932856   
 08:51:52 	 20.912889 	  21.504191 	 21.129261  	 20.419034  	 20.951705  	 22.176639  	 22.483728  	 62.335771  	 58.034788  	 1.008452  	 48.028500   
 08:53:52 	 20.912889 	  21.593791 	 21.129261  	 20.419034  	 20.685369  	 22.176639  	 22.533471  	 62.435032  	 58.034788  	 1.008452  	 47.932856   
 08:55:52 	 20.912889 	  21.593791 	 21.129261  	 20.419034  	 20.862926  	 22.176639  	 22.533471  	 62.435032  	 58.134163  	 1.008452  	 48.219789   
 08:57:52 	 20.912889 	  21.504191 	 21.129261  	 20.419034  	 20.862926  	 22.127358  	 22.583213  	 62.534293  	 58.134163  	 1.008452  	 48.315433   
 08:59:52 	 20.912889 	  21.504191 	 21.218040  	 20.419034  	 20.774148  	 22.176639  	 22.583213  	 62.435032  	 58.233537  	 1.008452  	 48.028500   
 09:01:52 	 20.912889 	  21.593791 	 21.129261  	 20.419034  	 20.774148  	 22.225921  	 22.533471  	 62.435032  	 58.134163  	 1.008452  	 47.932856   
 09:03:52 	 20.912889 	  21.504191 	 21.129261  	 20.419034  	 20.774148  	 22.176639  	 22.583213  	 62.534293  	 58.134163  	 1.008452  	 48.028500   
 09:05:52 	 20.912889 	  21.504191 	 21.129261  	 20.419034  	 20.951705  	 22.176639  	 22.583213  	 62.534293  	 58.134163  	 1.009043  	 48.124144   
 09:07:52 	 20.912889 	  21.504191 	 21.218040  	 20.419034  	 20.862926  	 22.176639  	 22.583213  	 62.534293  	 58.233537  	 1.008452  	 47.837211   
 09:09:52 	 21.002644 	  21.593791 	 21.218040  	 20.419034  	 20.774148  	 22.275202  	 22.583213  	 62.435032  	 58.233537  	 1.008452  	 48.028500   
 09:11:52 	 20.912889 	  21.593791 	 21.218040  	 20.419034  	 20.774148  	 22.176639  	 22.583213  	 62.534293  	 58.134163  	 1.008452  	 48.219789   
 09:13:52 	 20.912889 	  21.593791 	 21.129261  	 20.419034  	 20.862926  	 22.225921  	 22.533471  	 62.534293  	 58.332912  	 1.008452  	 47.932856   
 09:15:52 	 20.912889 	  21.504191 	 21.218040  	 20.419034  	 20.774148  	 22.176639  	 22.583213  	 62.633554  	 58.332912  	 1.008452  	 48.219789   
 09:17:52 	 20.912889 	  21.593791 	 21.129261  	 20.419034  	 20.862926  	 22.225921  	 22.583213  	 62.534293  	 58.332912  	 1.008452  	 48.028500   
 09:19:52 	 20.912889 	  21.593791 	 21.218040  	 20.419034  	 20.774148  	 22.225921  	 22.583213  	 62.534293  	 58.233537  	 1.008452  	 48.028500   
 09:21:52 	 20.912889 	  21.593791 	 21.218040  	 20.419034  	 20.774148  	 22.176639  	 22.583213  	 62.732815  	 58.332912  	 1.007862  	 48.124144   
 09:23:52 	 20.912889 	  21.593791 	 21.129261  	 20.419034  	 20.774148  	 22.176639  	 22.583213  	 62.732815  	 58.332912  	 1.008452  	 47.932856   
 09:25:52 	 21.002644 	  21.504191 	 21.129261  	 20.419034  	 20.774148  	 22.176639  	 22.533471  	 62.732815  	 58.432286  	 1.008452  	 48.028500   
 09:27:52 	 20.912889 	  21.504191 	 21.129261  	 20.419034  	 20.774148  	 22.127358  	 22.583213  	 62.832075  	 58.432286  	 1.008452  	 48.124144   
 09:29:52 	 20.912889 	  21.593791 	 21.129261  	 20.419034  	 20.862926  	 22.176639  	 22.583213  	 62.832075  	 58.432286  	 1.008452  	 48.124144   
 09:31:52 	 20.912889 	  21.593791 	 21.129261  	 20.419034  	 20.862926  	 22.176639  	 22.583213  	 62.732815  	 58.432286  	 1.008452  	 47.932856   
 09:33:52 	 20.912889 	  21.683392 	 21.218040  	 20.419034  	 20.862926  	 22.176639  	 22.583213  	 62.832075  	 58.332912  	 1.008452  	 48.028500   
 09:35:52 	 20.912889 	  21.593791 	 21.129261  	 20.419034  	 20.862926  	 22.225921  	 22.632956  	 62.633554  	 58.233537  	 1.008452  	 47.932856   
 09:37:52 	 20.912889 	  21.593791 	 21.218040  	 20.419034  	 20.774148  	 22.225921  	 22.583213  	 62.732815  	 58.233537  	 1.008452  	 47.932856   
 09:39:52 	 20.912889 	  21.683392 	 21.218040  	 20.419034  	 20.774148  	 22.225921  	 22.583213  	 62.732815  	 58.332912  	 1.008452  	 47.932856   
 09:41:52 	 20.912889 	  21.593791 	 21.129261  	 20.419034  	 20.774148  	 22.176639  	 22.583213  	 62.732815  	 58.432286  	 1.008452  	 48.124144   
 09:43:52 	 20.912889 	  21.593791 	 21.129261  	 20.330256  	 20.774148  	 22.225921  	 22.632956  	 62.633554  	 58.233537  	 1.007862  	 47.932856   
 09:45:52 	 20.912889 	  21.593791 	 21.129261  	 20.419034  	 20.774148  	 22.324484  	 22.632956  	 62.534293  	 58.233537  	 1.008452  	 48.028500   
 09:47:52 	 21.002644 	  21.593791 	 21.218040  	 20.419034  	 20.862926  	 22.225921  	 22.682699  	 62.534293  	 58.233537  	 1.008452  	 47.932856   
 09:49:52 	 20.912889 	  21.504191 	 21.218040  	 20.419034  	 20.862926  	 22.225921  	 22.583213  	 62.633554  	 58.233537  	 1.008452  	 48.124144   
 09:51:52 	 20.912889 	  21.593791 	 21.218040  	 20.419034  	 20.774148  	 22.225921  	 22.632956  	 62.534293  	 58.233537  	 1.007862  	 48.124144   
 09:53:52 	 21.002644 	  21.593791 	 21.218040  	 20.330256  	 20.774148  	 22.176639  	 22.632956  	 62.633554  	 58.134163  	 1.008452  	 48.124144   
 09:55:52 	 20.912889 	  21.593791 	 21.218040  	 20.419034  	 20.774148  	 22.176639  	 22.632956  	 62.633554  	 58.134163  	 1.007862  	 48.219789   
 09:57:52 	 20.912889 	  21.593791 	 21.218040  	 20.419034  	 20.862926  	 22.176639  	 22.632956  	 62.633554  	 58.134163  	 1.007862  	 47.932856   
 09:59:52 	 21.002644 	  21.504191 	 21.129261  	 20.419034  	 20.862926  	 22.225921  	 22.632956  	 62.633554  	 58.134163  	 1.007862  	 48.028500   
 10:01:52 	 21.002644 	  21.504191 	 21.218040  	 20.507812  	 20.862926  	 22.225921  	 22.583213  	 62.534293  	 58.233537  	 1.008452  	 48.028500   
 10:03:52 	 21.002644 	  21.504191 	 21.129261  	 20.419034  	 20.862926  	 22.225921  	 22.632956  	 62.633554  	 58.233537  	 1.007862  	 48.028500   
 10:05:52 	 21.002644 	  21.593791 	 21.129261  	 20.507812  	 20.862926  	 22.176639  	 22.632956  	 62.633554  	 58.134163  	 1.007862  	 48.028500   
 10:07:52 	 21.002644 	  21.504191 	 21.129261  	 20.507812  	 20.774148  	 22.275202  	 22.632956  	 62.534293  	 58.134163  	 1.007862  	 47.837211   
 10:09:52 	 21.002644 	  21.593791 	 21.129261  	 20.507812  	 20.862926  	 22.275202  	 22.583213  	 62.534293  	 58.233537  	 1.007862  	 48.028500   
 10:11:52 	 21.002644 	  21.504191 	 21.129261  	 20.419034  	 20.774148  	 22.225921  	 22.632956  	 62.534293  	 58.233537  	 1.007862  	 48.219789   
 10:13:52 	 21.002644 	  21.593791 	 21.218040  	 20.330256  	 20.862926  	 22.225921  	 22.632956  	 62.633554  	 58.233537  	 1.007862  	 47.932856   
 10:15:52 	 20.912889 	  21.504191 	 21.218040  	 20.419034  	 20.774148  	 22.275202  	 22.632956  	 62.534293  	 58.134163  	 1.007862  	 47.932856   
 10:17:52 	 21.002644 	  21.504191 	 21.129261  	 20.507812  	 20.862926  	 22.275202  	 22.632956  	 62.435032  	 58.134163  	 1.007862  	 47.837211   
 10:19:52 	 21.002644 	  21.504191 	 21.218040  	 20.419034  	 20.774148  	 22.275202  	 22.632956  	 62.534293  	 58.233537  	 1.007862  	 48.028500   
 10:21:52 	 20.912889 	  21.504191 	 21.129261  	 20.419034  	 20.774148  	 22.225921  	 22.632956  	 62.534293  	 58.134163  	 1.007862  	 48.028500   
 10:23:52 	 20.912889 	  21.593791 	 21.129261  	 20.419034  	 20.862926  	 22.225921  	 22.632956  	 62.534293  	 58.134163  	 1.007862  	 47.932856   
 10:25:52 	 21.002644 	  21.593791 	 21.129261  	 20.507812  	 20.862926  	 22.225921  	 22.632956  	 62.534293  	 58.134163  	 1.007862  	 48.028500   
 10:27:52 	 21.002644 	  21.593791 	 21.129261  	 20.507812  	 20.862926  	 22.225921  	 22.632956  	 62.633554  	 58.134163  	 1.007862  	 48.219789   
 10:29:52 	 20.912889 	  21.593791 	 21.129261  	 20.507812  	 20.951705  	 22.176639  	 22.632956  	 62.633554  	 58.134163  	 1.007862  	 48.028500   
 10:31:52 	 20.912889 	  21.593791 	 21.129261  	 20.419034  	 20.862926  	 22.225921  	 22.682699  	 62.534293  	 58.134163  	 1.007862  	 47.932856   
 10:33:52 	 20.912889 	  21.593791 	 21.218040  	 20.419034  	 20.774148  	 22.225921  	 22.632956  	 62.534293  	 58.134163  	 1.007862  	 47.932856   
 10:35:52 	 20.912889 	  21.593791 	 21.129261  	 20.419034  	 20.774148  	 22.275202  	 22.682699  	 62.534293  	 58.034788  	 1.007862  	 48.124144   
 10:37:52 	 21.002644 	  21.593791 	 21.129261  	 20.330256  	 20.774148  	 22.275202  	 22.632956  	 62.534293  	 58.134163  	 1.007862  	 48.028500   
 10:39:52 	 21.002644 	  21.593791 	 21.218040  	 20.419034  	 20.862926  	 22.275202  	 22.632956  	 62.435032  	 58.034788  	 1.007862  	 48.028500   
 10:41:52 	 21.002644 	  21.593791 	 21.129261  	 20.419034  	 20.862926  	 22.225921  	 22.632956  	 62.534293  	 58.134163  	 1.007862  	 48.219789   
 10:43:52 	 21.002644 	  21.593791 	 21.218040  	 20.507812  	 20.862926  	 22.275202  	 22.632956  	 62.534293  	 58.134163  	 1.007862  	 48.124144   
 10:45:52 	 20.912889 	  21.504191 	 21.218040  	 20.419034  	 20.774148  	 22.275202  	 22.632956  	 62.534293  	 58.134163  	 1.007862  	 48.124144   
 10:47:52 	 20.912889 	  21.593791 	 21.218040  	 20.419034  	 20.862926  	 22.275202  	 22.682699  	 62.435032  	 58.034788  	 1.007862  	 48.219789   
 10:49:52 	 21.002644 	  21.593791 	 21.129261  	 20.330256  	 20.774148  	 22.275202  	 22.632956  	 62.435032  	 58.034788  	 1.007862  	 47.932856   
 10:51:52 	 21.002644 	  21.593791 	 21.218040  	 20.507812  	 20.774148  	 22.324484  	 22.632956  	 62.534293  	 58.134163  	 1.007271  	 48.124144   
 10:53:52 	 21.002644 	  21.593791 	 21.218040  	 20.419034  	 20.862926  	 22.275202  	 22.682699  	 62.534293  	 58.034788  	 1.007862  	 47.932856   
 10:55:52 	 21.002644 	  21.593791 	 21.129261  	 20.419034  	 20.862926  	 22.275202  	 22.632956  	 62.335771  	 58.034788  	 1.007862  	 47.932856   
 10:57:52 	 21.002644 	  21.593791 	 21.218040  	 20.419034  	 20.862926  	 22.275202  	 22.682699  	 62.335771  	 58.034788  	 1.007862  	 48.124144   
 10:59:52 	 20.912889 	  21.593791 	 21.218040  	 20.419034  	 20.862926  	 22.324484  	 22.682699  	 62.435032  	 58.034788  	 1.007862  	 48.028500   
 11:01:52 	 21.002644 	  21.593791 	 21.129261  	 20.507812  	 20.774148  	 22.275202  	 22.682699  	 62.435032  	 58.034788  	 1.007862  	 48.124144   
 11:03:52 	 21.002644 	  21.593791 	 21.218040  	 20.419034  	 20.862926  	 22.275202  	 22.682699  	 62.435032  	 58.034788  	 1.007271  	 47.932856   
 11:05:52 	 20.912889 	  21.593791 	 21.129261  	 20.419034  	 20.951705  	 22.275202  	 22.632956  	 62.435032  	 57.935413  	 1.007862  	 48.028500   
 11:07:52 	 21.002644 	  21.593791 	 21.218040  	 20.419034  	 20.862926  	 22.324484  	 22.682699  	 62.335771  	 57.935413  	 1.007271  	 48.219789   
 11:09:52 	 20.912889 	  21.593791 	 21.129261  	 20.419034  	 20.862926  	 22.275202  	 22.682699  	 62.335771  	 57.935413  	 1.007271  	 48.028500   
 11:11:52 	 21.002644 	  21.504191 	 21.218040  	 20.419034  	 20.774148  	 22.324484  	 22.682699  	 62.236511  	 57.935413  	 1.007271  	 48.124144   
 11:13:52 	 21.002644 	  21.593791 	 21.129261  	 20.419034  	 20.862926  	 22.324484  	 22.682699  	 62.335771  	 57.935413  	 1.007271  	 48.315433   
 11:15:52 	 20.912889 	  21.593791 	 21.218040  	 20.419034  	 20.774148  	 22.275202  	 22.682699  	 62.335771  	 57.935413  	 1.007862  	 47.932856   
 11:17:52 	 21.002644 	  21.593791 	 21.218040  	 20.419034  	 20.951705  	 22.275202  	 22.682699  	 62.335771  	 58.034788  	 1.007271  	 48.124144   
 11:19:52 	 21.002644 	  21.593791 	 21.218040  	 20.507812  	 20.774148  	 22.275202  	 22.682699  	 62.335771  	 57.935413  	 1.007271  	 48.028500   
 11:21:52 	 20.912889 	  21.593791 	 21.129261  	 20.330256  	 20.862926  	 22.275202  	 22.682699  	 62.435032  	 57.935413  	 1.007862  	 48.124144   
 11:23:52 	 21.002644 	  21.593791 	 21.129261  	 20.419034  	 20.862926  	 22.275202  	 22.682699  	 62.435032  	 58.034788  	 1.007271  	 47.932856   
 11:25:52 	 21.002644 	  21.593791 	 21.218040  	 20.419034  	 20.862926  	 22.275202  	 22.682699  	 62.335771  	 57.935413  	 1.007862  	 48.124144   
 11:27:52 	 21.002644 	  21.683392 	 21.218040  	 20.419034  	 20.774148  	 22.275202  	 22.632956  	 62.335771  	 57.935413  	 1.007862  	 47.837211   
 11:29:52 	 21.002644 	  21.504191 	 21.218040  	 20.419034  	 20.862926  	 22.275202  	 22.682699  	 62.335771  	 57.935413  	 1.007862  	 48.124144   
 11:31:52 	 21.002644 	  21.593791 	 21.218040  	 20.419034  	 20.774148  	 22.275202  	 22.682699  	 62.335771  	 57.935413  	 1.007271  	 47.932856   
 11:33:52 	 21.002644 	  21.593791 	 21.218040  	 20.507812  	 20.862926  	 22.275202  	 22.682699  	 62.335771  	 57.935413  	 1.007271  	 47.932856   
 11:35:52 	 21.002644 	  21.593791 	 21.129261  	 20.507812  	 20.774148  	 22.225921  	 22.682699  	 62.435032  	 58.034788  	 1.007271  	 48.124144   
 11:37:52 	 21.002644 	  21.593791 	 21.218040  	 20.419034  	 20.862926  	 22.275202  	 22.682699  	 62.335771  	 57.935413  	 1.007271  	 48.124144   
 11:39:52 	 21.002644 	  21.593791 	 21.218040  	 20.419034  	 20.862926  	 22.275202  	 22.732442  	 62.335771  	 57.935413  	 1.007862  	 48.028500   
 11:41:52 	 21.092399 	  21.593791 	 21.129261  	 20.507812  	 20.774148  	 22.324484  	 22.732442  	 62.335771  	 57.836039  	 1.007271  	 48.219789   
 11:43:52 	 21.002644 	  21.593791 	 21.129261  	 20.419034  	 20.862926  	 22.324484  	 22.782184  	 62.236511  	 57.736664  	 1.007271  	 47.837211   
 11:45:52 	 21.002644 	  21.593791 	 21.218040  	 20.419034  	 20.862926  	 22.324484  	 22.732442  	 62.335771  	 57.736664  	 1.007271  	 48.219789   
 11:47:52 	 21.002644 	  21.593791 	 21.218040  	 20.419034  	 20.862926  	 22.324484  	 22.682699  	 62.335771  	 57.836039  	 1.007271  	 48.219789   
 11:49:52 	 20.912889 	  21.593791 	 21.218040  	 20.419034  	 20.774148  	 22.324484  	 22.732442  	 62.236511  	 57.935413  	 1.007862  	 48.124144   
 11:51:52 	 21.002644 	  21.593791 	 21.129261  	 20.419034  	 20.951705  	 22.324484  	 22.732442  	 62.236511  	 57.836039  	 1.007862  	 48.219789   
 11:53:52 	 21.002644 	  21.593791 	 21.218040  	 20.507812  	 20.862926  	 22.324484  	 22.732442  	 62.236511  	 57.736664  	 1.007271  	 48.028500   
 11:55:52 	 21.002644 	  21.683392 	 21.218040  	 20.419034  	 20.862926  	 22.373765  	 22.732442  	 62.236511  	 57.836039  	 1.007271  	 48.124144   
 11:57:52 	 21.002644 	  21.593791 	 21.218040  	 20.507812  	 20.862926  	 22.324484  	 22.732442  	 62.335771  	 57.836039  	 1.007271  	 48.219789   
 11:59:52 	 21.002644 	  21.593791 	 21.218040  	 20.507812  	 20.774148  	 22.275202  	 22.732442  	 62.335771  	 57.736664  	 1.007271  	 47.932856   
 12:01:52 	 21.002644 	  21.593791 	 21.218040  	 20.507812  	 20.951705  	 22.275202  	 22.782184  	 62.435032  	 57.736664  	 1.007862  	 48.219789   
 12:03:52 	 21.092399 	  21.593791 	 21.218040  	 20.419034  	 20.862926  	 22.373765  	 22.732442  	 62.236511  	 57.836039  	 1.007271  	 47.932856   
 12:05:52 	 20.912889 	  21.593791 	 21.218040  	 20.507812  	 20.862926  	 22.324484  	 22.782184  	 62.236511  	 57.736664  	 1.007271  	 48.124144   
 12:07:52 	 21.002644 	  21.593791 	 21.218040  	 20.507812  	 20.862926  	 22.324484  	 22.782184  	 62.236511  	 57.736664  	 1.007271  	 48.028500   
 12:09:52 	 21.002644 	  21.593791 	 21.306818  	 20.507812  	 20.862926  	 22.324484  	 22.782184  	 62.236511  	 57.637289  	 1.007271  	 48.028500   
 12:11:52 	 21.002644 	  21.683392 	 21.218040  	 20.419034  	 20.862926  	 22.373765  	 22.782184  	 62.236511  	 57.637289  	 1.007271  	 48.028500   
 12:13:52 	 21.002644 	  21.504191 	 21.218040  	 20.507812  	 20.862926  	 22.324484  	 22.782184  	 62.236511  	 57.637289  	 1.007271  	 47.837211   
 12:15:52 	 21.002644 	  21.593791 	 21.129261  	 20.507812  	 20.774148  	 22.324484  	 22.782184  	 62.236511  	 57.637289  	 1.007271  	 48.028500   
 12:17:52 	 21.002644 	  21.593791 	 21.129261  	 20.507812  	 20.862926  	 22.324484  	 22.782184  	 62.236511  	 57.537915  	 1.007271  	 48.028500   
 12:19:52 	 21.002644 	  21.593791 	 21.218040  	 20.419034  	 20.774148  	 22.324484  	 22.782184  	 62.137250  	 57.637289  	 1.007271  	 48.219789   
 12:21:52 	 21.002644 	  21.593791 	 21.218040  	 20.507812  	 20.774148  	 22.324484  	 22.782184  	 62.137250  	 57.537915  	 1.007271  	 47.932856   
 12:23:52 	 21.092399 	  21.593791 	 21.218040  	 20.507812  	 20.862926  	 22.373765  	 22.782184  	 62.137250  	 57.537915  	 1.007271  	 48.028500   
 12:25:52 	 21.002644 	  21.593791 	 21.218040  	 20.507812  	 20.862926  	 22.324484  	 22.782184  	 62.236511  	 57.537915  	 1.007271  	 48.124144   
 12:27:52 	 21.002644 	  21.593791 	 21.218040  	 20.507812  	 20.862926  	 22.423047  	 22.782184  	 62.037989  	 57.537915  	 1.007271  	 48.028500   
 12:29:52 	 21.002644 	  21.593791 	 21.306818  	 20.419034  	 20.862926  	 22.324484  	 22.782184  	 62.137250  	 57.537915  	 1.007271  	 48.028500   
 12:31:52 	 21.002644 	  21.593791 	 21.218040  	 20.507812  	 20.862926  	 22.373765  	 22.782184  	 62.037989  	 57.637289  	 1.007271  	 48.124144   
 12:33:52 	 21.002644 	  21.683392 	 21.218040  	 20.507812  	 20.774148  	 22.373765  	 22.782184  	 62.037989  	 57.637289  	 1.006681  	 48.219789   
 12:35:52 	 21.002644 	  21.593791 	 21.218040  	 20.507812  	 20.862926  	 22.373765  	 22.782184  	 62.037989  	 57.537915  	 1.007271  	 48.124144   
 12:37:52 	 21.002644 	  21.683392 	 21.129261  	 20.507812  	 20.862926  	 22.373765  	 22.782184  	 62.037989  	 57.537915  	 1.007271  	 48.315433   
 12:39:52 	 21.002644 	  21.593791 	 21.129261  	 20.419034  	 20.862926  	 22.373765  	 22.782184  	 62.137250  	 57.637289  	 1.006681  	 47.932856   
 12:41:52 	 21.002644 	  21.593791 	 21.218040  	 20.419034  	 20.862926  	 22.324484  	 22.831927  	 62.137250  	 57.537915  	 1.007271  	 47.837211   
 12:43:52 	 21.002644 	  21.593791 	 21.218040  	 20.419034  	 20.862926  	 22.324484  	 22.831927  	 62.037989  	 57.537915  	 1.006681  	 48.124144   
 12:45:52 	 21.002644 	  21.593791 	 21.218040  	 20.507812  	 20.862926  	 22.373765  	 22.831927  	 62.137250  	 57.537915  	 1.006681  	 48.028500   
 12:47:52 	 21.002644 	  21.593791 	 21.218040  	 20.507812  	 20.862926  	 22.373765  	 22.782184  	 62.137250  	 57.537915  	 1.006681  	 48.124144   
 12:49:52 	 21.002644 	  21.593791 	 21.218040  	 20.419034  	 20.862926  	 22.324484  	 22.831927  	 62.037989  	 57.537915  	 1.006681  	 48.028500   
 12:51:52 	 21.002644 	  21.593791 	 21.218040  	 20.419034  	 20.862926  	 22.373765  	 22.831927  	 62.037989  	 57.438540  	 1.006681  	 48.124144   
 12:53:52 	 21.092399 	  21.593791 	 21.218040  	 20.507812  	 20.862926  	 22.373765  	 22.831927  	 62.037989  	 57.438540  	 1.006681  	 48.028500   
 12:55:52 	 21.002644 	  21.593791 	 21.218040  	 20.419034  	 20.774148  	 22.324484  	 22.831927  	 62.137250  	 57.438540  	 1.006681  	 48.028500   
 12:57:52 	 21.002644 	  21.593791 	 21.218040  	 20.507812  	 20.862926  	 22.373765  	 22.831927  	 62.037989  	 57.339165  	 1.006681  	 48.219789   
 12:59:52 	 21.092399 	  21.593791 	 21.306818  	 20.330256  	 20.862926  	 22.423047  	 22.831927  	 62.037989  	 57.438540  	 1.006681  	 47.932856   
 13:01:52 	 21.002644 	  21.593791 	 21.129261  	 20.507812  	 20.862926  	 22.423047  	 22.831927  	 62.037989  	 57.537915  	 1.006681  	 48.124144   
 13:03:52 	 21.002644 	  21.593791 	 21.306818  	 20.507812  	 20.862926  	 22.423047  	 22.831927  	 61.938728  	 57.438540  	 1.006681  	 47.932856   
 13:05:52 	 21.002644 	  21.593791 	 21.218040  	 20.507812  	 20.862926  	 22.423047  	 22.881670  	 62.037989  	 57.537915  	 1.006681  	 48.124144   
 13:07:52 	 21.002644 	  21.593791 	 21.218040  	 20.507812  	 20.862926  	 22.373765  	 22.831927  	 62.137250  	 57.438540  	 1.006681  	 48.028500   
 13:09:52 	 21.002644 	  21.593791 	 21.218040  	 20.507812  	 20.862926  	 22.423047  	 22.831927  	 61.938728  	 57.438540  	 1.006681  	 48.028500   
 13:11:52 	 20.912889 	  21.683392 	 21.218040  	 20.507812  	 20.774148  	 22.373765  	 22.782184  	 62.037989  	 57.438540  	 1.006681  	 48.028500   
 13:13:52 	 21.092399 	  21.593791 	 21.306818  	 20.507812  	 20.862926  	 22.373765  	 22.782184  	 62.037989  	 57.438540  	 1.006090  	 48.028500   
 13:15:52 	 21.002644 	  21.593791 	 21.218040  	 20.419034  	 20.862926  	 22.423047  	 22.831927  	 61.938728  	 57.438540  	 1.006090  	 47.932856   
 13:17:52 	 21.002644 	  21.593791 	 21.218040  	 20.507812  	 20.862926  	 22.423047  	 22.831927  	 61.938728  	 57.438540  	 1.006090  	 48.028500   
 13:19:52 	 20.912889 	  21.683392 	 21.218040  	 20.507812  	 20.774148  	 22.373765  	 22.831927  	 61.938728  	 57.438540  	 1.006681  	 47.932856   
 13:21:52 	 21.002644 	  21.593791 	 21.129261  	 20.507812  	 20.862926  	 22.373765  	 22.782184  	 62.037989  	 57.438540  	 1.006090  	 48.028500   
 13:23:52 	 20.912889 	  21.593791 	 21.218040  	 20.507812  	 20.862926  	 22.373765  	 22.831927  	 61.938728  	 57.537915  	 1.006681  	 47.932856   
 13:25:52 	 21.002644 	  21.593791 	 21.218040  	 20.507812  	 20.862926  	 22.373765  	 22.782184  	 61.938728  	 57.537915  	 1.006090  	 48.028500   
 13:27:52 	 21.002644 	  21.593791 	 21.218040  	 20.507812  	 20.862926  	 22.324484  	 22.831927  	 62.037989  	 57.438540  	 1.006090  	 48.028500   
 13:29:52 	 21.002644 	  21.593791 	 21.218040  	 20.596591  	 20.862926  	 22.373765  	 22.782184  	 62.037989  	 57.438540  	 1.006090  	 48.028500   
 13:31:52 	 21.092399 	  21.593791 	 21.218040  	 20.507812  	 20.862926  	 22.373765  	 22.782184  	 62.037989  	 57.438540  	 1.006090  	 48.124144   
 13:33:52 	 21.002644 	  21.593791 	 21.218040  	 20.507812  	 20.774148  	 22.324484  	 22.782184  	 62.137250  	 57.438540  	 1.006090  	 47.932856   
 13:35:52 	 21.002644 	  21.593791 	 21.218040  	 20.419034  	 20.862926  	 22.373765  	 22.782184  	 61.938728  	 57.339165  	 1.006090  	 48.028500   
 13:37:52 	 21.092399 	  21.593791 	 21.218040  	 20.419034  	 20.862926  	 22.373765  	 22.782184  	 61.938728  	 57.438540  	 1.006090  	 47.837211   
 13:39:52 	 21.002644 	  21.593791 	 21.129261  	 20.507812  	 20.862926  	 22.324484  	 22.732442  	 62.037989  	 57.537915  	 1.006090  	 47.837211   
 13:41:52 	 21.002644 	  21.593791 	 21.218040  	 20.507812  	 20.862926  	 22.324484  	 22.732442  	 62.037989  	 57.537915  	 1.006090  	 47.837211   
 13:43:52 	 21.002644 	  21.593791 	 21.129261  	 20.419034  	 20.862926  	 22.324484  	 22.782184  	 62.037989  	 57.438540  	 1.006090  	 48.028500   
 13:45:52 	 21.002644 	  21.593791 	 21.218040  	 20.507812  	 20.862926  	 22.324484  	 22.782184  	 62.037989  	 57.438540  	 1.006090  	 48.124144   
 13:47:52 	 21.002644 	  21.683392 	 21.218040  	 20.507812  	 20.862926  	 22.324484  	 22.782184  	 62.037989  	 57.438540  	 1.006090  	 48.124144   
 13:49:52 	 21.002644 	  21.593791 	 21.306818  	 20.507812  	 20.862926  	 22.275202  	 22.782184  	 62.137250  	 57.438540  	 1.006090  	 47.932856   
 13:51:52 	 21.002644 	  21.593791 	 21.218040  	 20.419034  	 20.862926  	 22.324484  	 22.782184  	 62.137250  	 57.438540  	 1.005500  	 48.219789   
 13:53:52 	 21.092399 	  21.593791 	 21.218040  	 20.507812  	 20.862926  	 22.324484  	 22.732442  	 62.037989  	 57.537915  	 1.005500  	 47.932856   
 13:55:52 	 21.002644 	  21.683392 	 21.218040  	 20.419034  	 20.862926  	 22.324484  	 22.732442  	 62.037989  	 57.537915  	 1.005500  	 47.837211   
 13:57:52 	 21.002644 	  21.593791 	 21.129261  	 20.507812  	 20.774148  	 22.324484  	 22.732442  	 62.037989  	 57.537915  	 1.005500  	 47.741567   
 13:59:52 	 21.002644 	  21.593791 	 21.218040  	 20.507812  	 20.862926  	 22.324484  	 22.782184  	 62.037989  	 57.537915  	 1.005500  	 48.028500   
 14:01:52 	 21.002644 	  21.593791 	 21.218040  	 20.507812  	 20.862926  	 22.324484  	 22.782184  	 62.037989  	 57.438540  	 1.005500  	 47.932856   
 14:03:52 	 21.002644 	  21.683392 	 21.218040  	 20.507812  	 20.862926  	 22.324484  	 22.782184  	 62.037989  	 57.537915  	 1.005500  	 48.124144   
 14:05:52 	 21.002644 	  21.593791 	 21.218040  	 20.507812  	 20.862926  	 22.373765  	 22.782184  	 61.938728  	 57.438540  	 1.005500  	 48.028500   
 14:07:52 	 21.002644 	  21.593791 	 21.218040  	 20.419034  	 20.862926  	 22.373765  	 22.782184  	 61.938728  	 57.537915  	 1.005500  	 48.124144   
 14:09:52 	 21.002644 	  21.593791 	 21.218040  	 20.419034  	 20.862926  	 22.373765  	 22.831927  	 61.938728  	 57.537915  	 1.005500  	 47.932856   
 14:11:52 	 21.002644 	  21.593791 	 21.218040  	 20.507812  	 20.862926  	 22.373765  	 22.782184  	 61.938728  	 57.438540  	 1.005500  	 48.028500   
 14:13:52 	 21.002644 	  21.593791 	 21.129261  	 20.507812  	 20.862926  	 22.373765  	 22.831927  	 61.938728  	 57.438540  	 1.005500  	 48.028500   
 14:15:52 	 21.002644 	  21.593791 	 21.129261  	 20.507812  	 20.862926  	 22.373765  	 22.782184  	 61.938728  	 57.339165  	 1.006090  	 48.028500   
 14:17:52 	 21.002644 	  21.593791 	 21.218040  	 20.507812  	 20.862926  	 22.324484  	 22.782184  	 61.938728  	 57.438540  	 1.005500  	 47.837211   
 14:19:52 	 21.002644 	  21.683392 	 21.218040  	 20.507812  	 20.862926  	 22.373765  	 22.782184  	 61.938728  	 57.339165  	 1.005500  	 47.932856   
 14:21:52 	 21.002644 	  21.593791 	 21.218040  	 20.507812  	 20.862926  	 22.324484  	 22.831927  	 61.938728  	 57.339165  	 1.004909  	 47.837211   
 14:23:52 	 21.002644 	  21.593791 	 21.218040  	 20.507812  	 20.862926  	 22.324484  	 22.831927  	 61.938728  	 57.339165  	 1.005500  	 48.315433   
 14:25:52 	 21.002644 	  21.593791 	 21.218040  	 20.419034  	 20.862926  	 22.324484  	 22.782184  	 61.938728  	 57.339165  	 1.005500  	 47.932856   
 14:27:52 	 21.002644 	  21.593791 	 21.218040  	 20.419034  	 20.862926  	 22.324484  	 22.831927  	 61.938728  	 57.438540  	 1.004909  	 48.028500   
 14:29:52 	 21.002644 	  21.593791 	 21.218040  	 20.507812  	 20.862926  	 22.373765  	 22.782184  	 61.938728  	 57.339165  	 1.004909  	 48.219789   
 14:31:52 	 21.092399 	  21.593791 	 21.218040  	 20.507812  	 20.774148  	 22.324484  	 22.831927  	 61.839467  	 57.339165  	 1.004909  	 48.028500   
 14:33:52 	 21.002644 	  21.593791 	 21.218040  	 20.419034  	 20.862926  	 22.324484  	 22.782184  	 61.839467  	 57.339165  	 1.005500  	 47.932856   
 14:35:52 	 21.002644 	  21.593791 	 21.218040  	 20.507812  	 20.862926  	 22.324484  	 22.831927  	 61.938728  	 57.339165  	 1.004909  	 48.028500   
 14:37:52 	 21.002644 	  21.593791 	 21.218040  	 20.507812  	 20.862926  	 22.373765  	 22.831927  	 61.839467  	 57.339165  	 1.005500  	 48.028500   
 14:39:52 	 21.002644 	  21.593791 	 21.306818  	 20.507812  	 20.862926  	 22.324484  	 22.831927  	 61.839467  	 57.339165  	 1.004909  	 48.124144   
 14:41:52 	 20.912889 	  21.683392 	 21.218040  	 20.419034  	 20.862926  	 22.373765  	 22.831927  	 61.839467  	 57.239791  	 1.005500  	 47.932856   
 14:43:52 	 21.002644 	  21.683392 	 21.218040  	 20.507812  	 20.862926  	 22.373765  	 22.831927  	 61.839467  	 57.140416  	 1.004909  	 47.932856   
 14:45:52 	 21.002644 	  21.593791 	 21.218040  	 20.507812  	 20.862926  	 22.423047  	 22.831927  	 61.740207  	 57.239791  	 1.004909  	 48.028500   
 14:47:52 	 21.002644 	  21.683392 	 21.129261  	 20.507812  	 20.862926  	 22.423047  	 22.831927  	 61.740207  	 57.140416  	 1.004909  	 48.028500   
 14:49:52 	 21.002644 	  21.593791 	 21.218040  	 20.419034  	 20.862926  	 22.472328  	 22.831927  	 61.740207  	 57.140416  	 1.004909  	 47.932856   
 14:51:52 	 21.002644 	  21.593791 	 21.218040  	 20.507812  	 20.862926  	 22.373765  	 22.881670  	 61.740207  	 57.239791  	 1.004909  	 48.124144   
 14:53:52 	 21.002644 	  21.683392 	 21.218040  	 20.596591  	 20.862926  	 22.423047  	 22.831927  	 61.640946  	 57.140416  	 1.004909  	 48.124144   
 14:55:52 	 21.002644 	  21.683392 	 21.218040  	 20.507812  	 20.774148  	 22.423047  	 22.831927  	 61.740207  	 57.140416  	 1.005500  	 47.932856   
 14:57:52 	 21.092399 	  21.593791 	 21.218040  	 20.507812  	 20.862926  	 22.373765  	 22.831927  	 61.740207  	 57.041042  	 1.004909  	 48.028500   
 14:59:52 	 21.002644 	  21.593791 	 21.218040  	 20.507812  	 20.862926  	 22.423047  	 22.881670  	 61.640946  	 57.140416  	 1.004909  	 48.124144   
 15:01:52 	 21.002644 	  21.683392 	 21.218040  	 20.507812  	 20.862926  	 22.423047  	 22.831927  	 61.740207  	 57.041042  	 1.004909  	 48.028500   
 15:03:52 	 21.002644 	  21.593791 	 21.218040  	 20.419034  	 20.862926  	 22.423047  	 22.881670  	 61.740207  	 57.041042  	 1.004909  	 47.932856   
 15:05:52 	 21.002644 	  21.683392 	 21.218040  	 20.507812  	 20.862926  	 22.373765  	 22.931413  	 61.740207  	 56.941667  	 1.004909  	 47.932856   
 15:07:52 	 21.002644 	  21.593791 	 21.218040  	 20.507812  	 20.862926  	 22.423047  	 22.881670  	 61.839467  	 57.140416  	 1.004909  	 48.124144   
 15:09:52 	 21.002644 	  21.593791 	 21.218040  	 20.507812  	 20.862926  	 22.423047  	 22.881670  	 61.640946  	 57.041042  	 1.004319  	 48.028500   
 15:11:52 	 21.002644 	  21.683392 	 21.306818  	 20.507812  	 20.862926  	 22.423047  	 22.931413  	 61.640946  	 57.041042  	 1.004909  	 47.932856   
 15:13:52 	 21.002644 	  21.593791 	 21.218040  	 20.507812  	 20.862926  	 22.423047  	 22.881670  	 61.640946  	 57.041042  	 1.005500  	 48.124144   
 15:15:52 	 21.002644 	  21.593791 	 21.306818  	 20.507812  	 20.862926  	 22.423047  	 22.931413  	 61.640946  	 56.941667  	 1.004319  	 48.028500   
 15:17:52 	 21.002644 	  21.593791 	 21.306818  	 20.507812  	 20.774148  	 22.423047  	 22.931413  	 61.640946  	 56.941667  	 1.004319  	 47.837211   
 15:19:52 	 21.002644 	  21.683392 	 21.218040  	 20.507812  	 20.774148  	 22.423047  	 22.931413  	 61.640946  	 56.842292  	 1.004319  	 47.932856   
 15:21:52 	 21.092399 	  21.593791 	 21.306818  	 20.507812  	 20.862926  	 22.423047  	 22.931413  	 61.541685  	 56.842292  	 1.004319  	 48.124144   
 15:23:52 	 21.002644 	  21.683392 	 21.306818  	 20.507812  	 20.862926  	 22.423047  	 22.931413  	 61.541685  	 56.842292  	 1.004909  	 48.124144   
 15:25:52 	 21.092399 	  21.683392 	 21.218040  	 20.507812  	 20.862926  	 22.472328  	 22.931413  	 61.541685  	 56.842292  	 1.004319  	 48.028500   
 15:27:52 	 21.002644 	  21.593791 	 21.218040  	 20.507812  	 20.862926  	 22.472328  	 22.881670  	 61.442424  	 56.842292  	 1.004319  	 47.932856   
 15:29:52 	 21.002644 	  21.683392 	 21.218040  	 20.507812  	 20.862926  	 22.472328  	 22.931413  	 61.442424  	 56.842292  	 1.004319  	 48.028500   
 15:31:52 	 21.002644 	  21.683392 	 21.218040  	 20.507812  	 20.862926  	 22.472328  	 22.931413  	 61.442424  	 56.941667  	 1.004319  	 47.932856   
 15:33:52 	 21.092399 	  21.683392 	 21.218040  	 20.507812  	 20.774148  	 22.521609  	 22.881670  	 61.442424  	 56.842292  	 1.004319  	 48.028500   
 15:35:52 	 21.002644 	  21.593791 	 21.306818  	 20.507812  	 20.862926  	 22.472328  	 22.881670  	 61.541685  	 56.842292  	 1.004319  	 47.837211   
 15:37:52 	 21.002644 	  21.683392 	 21.306818  	 20.419034  	 20.951705  	 22.472328  	 22.881670  	 61.442424  	 56.842292  	 1.004319  	 48.124144   
 15:39:52 	 21.002644 	  21.593791 	 21.218040  	 20.507812  	 20.951705  	 22.472328  	 22.931413  	 61.442424  	 56.842292  	 1.004319  	 48.219789   
 15:41:52 	 20.912889 	  21.683392 	 21.306818  	 20.507812  	 20.862926  	 22.423047  	 22.931413  	 61.442424  	 56.842292  	 1.004319  	 48.028500   
 15:43:52 	 21.002644 	  21.683392 	 21.218040  	 20.596591  	 20.862926  	 22.423047  	 22.931413  	 61.541685  	 56.842292  	 1.004319  	 47.837211   
 15:45:52 	 21.002644 	  21.683392 	 21.306818  	 20.507812  	 20.862926  	 22.423047  	 22.931413  	 61.541685  	 56.742918  	 1.004319  	 48.124144   
 15:47:52 	 21.002644 	  21.683392 	 21.306818  	 20.507812  	 20.951705  	 22.423047  	 22.881670  	 61.442424  	 56.842292  	 1.004319  	 47.837211   
 15:49:52 	 21.002644 	  21.593791 	 21.306818  	 20.507812  	 20.862926  	 22.423047  	 22.931413  	 61.442424  	 56.842292  	 1.004319  	 47.932856   
 15:51:52 	 21.002644 	  21.683392 	 21.218040  	 20.507812  	 20.862926  	 22.423047  	 22.931413  	 61.541685  	 56.842292  	 1.004319  	 48.028500   
 15:53:52 	 21.002644 	  21.683392 	 21.306818  	 20.507812  	 20.774148  	 22.472328  	 22.881670  	 61.442424  	 56.842292  	 1.004319  	 47.932856   
 15:55:52 	 21.002644 	  21.683392 	 21.218040  	 20.507812  	 20.862926  	 22.472328  	 22.881670  	 61.343164  	 56.742918  	 1.004319  	 47.932856   
 15:57:52 	 20.912889 	  21.593791 	 21.306818  	 20.419034  	 20.862926  	 22.423047  	 22.931413  	 61.541685  	 56.742918  	 1.003728  	 47.837211   
 15:59:52 	 21.002644 	  21.593791 	 21.306818  	 20.507812  	 20.862926  	 22.373765  	 22.881670  	 61.541685  	 56.742918  	 1.003728  	 48.124144   
 16:01:52 	 21.002644 	  21.683392 	 21.218040  	 20.419034  	 20.862926  	 22.423047  	 22.881670  	 61.541685  	 56.842292  	 1.003728  	 48.028500   
 16:03:52 	 21.002644 	  21.683392 	 21.306818  	 20.507812  	 20.862926  	 22.373765  	 22.881670  	 61.541685  	 56.842292  	 1.003728  	 47.932856   
 16:05:52 	 21.002644 	  21.683392 	 21.218040  	 20.507812  	 20.862926  	 22.373765  	 22.881670  	 61.541685  	 56.842292  	 1.003728  	 48.028500   
 16:07:52 	 21.002644 	  21.683392 	 21.306818  	 20.507812  	 20.862926  	 22.423047  	 22.881670  	 61.541685  	 56.842292  	 1.003728  	 47.932856   
 16:09:52 	 21.002644 	  21.593791 	 21.218040  	 20.596591  	 20.774148  	 22.423047  	 22.881670  	 61.541685  	 56.941667  	 1.003728  	 47.837211   
 16:11:52 	 21.092399 	  21.593791 	 21.306818  	 20.596591  	 20.862926  	 22.472328  	 22.881670  	 61.541685  	 56.842292  	 1.003728  	 48.124144   
 16:13:52 	 21.002644 	  21.683392 	 21.218040  	 20.596591  	 20.862926  	 22.423047  	 22.881670  	 61.541685  	 56.842292  	 1.003728  	 48.028500   
 16:15:52 	 21.002644 	  21.593791 	 21.218040  	 20.419034  	 20.862926  	 22.373765  	 22.881670  	 61.541685  	 56.842292  	 1.003728  	 47.932856   
 16:17:52 	 21.002644 	  21.683392 	 21.306818  	 20.507812  	 20.951705  	 22.423047  	 22.881670  	 61.442424  	 56.842292  	 1.003728  	 48.124144   
 16:19:52 	 21.002644 	  21.683392 	 21.306818  	 20.596591  	 20.862926  	 22.423047  	 22.881670  	 61.442424  	 56.842292  	 1.003728  	 48.219789   
 16:21:52 	 21.002644 	  21.683392 	 21.306818  	 20.507812  	 20.862926  	 22.423047  	 22.881670  	 61.541685  	 56.842292  	 1.004319  	 47.837211   
 16:23:52 	 21.002644 	  21.593791 	 21.218040  	 20.507812  	 20.774148  	 22.373765  	 22.881670  	 61.541685  	 56.842292  	 1.003728  	 47.837211   
 16:25:52 	 21.002644 	  21.683392 	 21.306818  	 20.507812  	 20.862926  	 22.423047  	 22.881670  	 61.442424  	 56.941667  	 1.003728  	 48.124144   
 16:27:52 	 21.092399 	  21.683392 	 21.306818  	 20.507812  	 20.862926  	 22.423047  	 22.881670  	 61.541685  	 56.742918  	 1.003728  	 47.932856   
 16:29:52 	 20.912889 	  21.683392 	 21.306818  	 20.596591  	 20.862926  	 22.373765  	 22.881670  	 61.541685  	 56.742918  	 1.003728  	 48.028500   
 16:31:52 	 21.092399 	  21.683392 	 21.306818  	 20.507812  	 20.862926  	 22.423047  	 22.881670  	 61.442424  	 56.742918  	 1.003728  	 47.837211   
 16:33:52 	 21.002644 	  21.683392 	 21.218040  	 20.507812  	 20.862926  	 22.373765  	 22.881670  	 61.541685  	 56.742918  	 1.003728  	 47.932856   
 16:35:52 	 21.002644 	  21.593791 	 21.306818  	 20.507812  	 20.951705  	 22.373765  	 22.881670  	 61.442424  	 56.742918  	 1.003138  	 48.028500   
 16:37:52 	 21.002644 	  21.593791 	 21.306818  	 20.507812  	 20.951705  	 22.472328  	 22.931413  	 61.442424  	 56.842292  	 1.003728  	 48.028500   
 16:39:52 	 21.002644 	  21.683392 	 21.306818  	 20.596591  	 20.774148  	 22.423047  	 22.881670  	 61.442424  	 56.742918  	 1.003138  	 48.028500   
 16:41:52 	 21.002644 	  21.683392 	 21.218040  	 20.507812  	 20.862926  	 22.423047  	 22.881670  	 61.442424  	 56.742918  	 1.003138  	 48.028500   
 16:43:52 	 21.002644 	  21.683392 	 21.306818  	 20.507812  	 20.862926  	 22.423047  	 22.881670  	 61.442424  	 56.742918  	 1.003138  	 48.315433   
 16:45:52 	 21.002644 	  21.593791 	 21.306818  	 20.507812  	 20.862926  	 22.472328  	 22.881670  	 61.442424  	 56.842292  	 1.003138  	 47.932856   
 16:47:52 	 21.002644 	  21.683392 	 21.306818  	 20.507812  	 20.862926  	 22.423047  	 22.881670  	 61.442424  	 56.842292  	 1.003138  	 48.028500   
 16:49:52 	 21.002644 	  21.683392 	 21.306818  	 20.507812  	 20.951705  	 22.472328  	 22.881670  	 61.343164  	 56.742918  	 1.003138  	 48.028500   
 16:51:52 	 21.002644 	  21.683392 	 21.306818  	 20.596591  	 20.862926  	 22.423047  	 22.931413  	 61.343164  	 56.742918  	 1.003138  	 47.932856   
 16:53:52 	 21.002644 	  21.683392 	 21.218040  	 20.507812  	 20.951705  	 22.472328  	 22.931413  	 61.243903  	 56.742918  	 1.003138  	 48.028500   
 16:55:52 	 21.002644 	  21.593791 	 21.218040  	 20.507812  	 20.862926  	 22.423047  	 22.881670  	 61.442424  	 56.742918  	 1.003728  	 48.124144   
 16:57:52 	 21.092399 	  21.683392 	 21.306818  	 20.507812  	 20.862926  	 22.423047  	 22.931413  	 61.442424  	 56.643543  	 1.003138  	 48.028500   
 16:59:52 	 21.092399 	  21.683392 	 21.306818  	 20.507812  	 20.862926  	 22.472328  	 22.881670  	 61.442424  	 56.643543  	 1.003138  	 47.932856   
 17:01:52 	 21.002644 	  21.683392 	 21.306818  	 20.507812  	 20.951705  	 22.423047  	 22.881670  	 61.343164  	 56.643543  	 1.003138  	 47.932856   
 17:03:52 	 21.092399 	  21.683392 	 21.306818  	 20.507812  	 20.862926  	 22.472328  	 22.931413  	 61.343164  	 56.643543  	 1.002547  	 47.741567   
 17:05:52 	 21.092399 	  21.683392 	 21.306818  	 20.596591  	 20.862926  	 22.472328  	 22.931413  	 61.343164  	 56.643543  	 1.003138  	 47.932856   
 17:07:52 	 21.092399 	  21.683392 	 21.306818  	 20.596591  	 20.862926  	 22.423047  	 22.931413  	 61.343164  	 56.643543  	 1.003138  	 47.932856   
 17:09:52 	 21.092399 	  21.683392 	 21.306818  	 20.596591  	 20.951705  	 22.521609  	 22.981155  	 61.243903  	 56.643543  	 1.003138  	 48.124144   
 17:11:52 	 21.092399 	  21.683392 	 21.306818  	 20.507812  	 20.951705  	 22.570891  	 22.931413  	 61.144642  	 56.643543  	 1.003138  	 47.932856   
 17:13:52 	 21.092399 	  21.683392 	 21.306818  	 20.596591  	 20.951705  	 22.521609  	 22.931413  	 61.144642  	 56.643543  	 1.003728  	 48.124144   
 17:15:52 	 21.092399 	  21.683392 	 21.395597  	 20.596591  	 20.951705  	 22.620172  	 22.931413  	 61.144642  	 56.643543  	 1.003138  	 48.028500   
