  time  	 temp_tab_dw  	 temp_tab_up  	 temp_pl1  	 temp_pl2  	 temp_pl3  	 temp_amb_pc  	 temp_amb_door  	 rh_amb_pc  	 rh_amb_door  	 press_amb  	 press_diff  
 00:17:49 	 20.464115 	  20.876985 	 20.419034  	 19.797585  	 20.152699  	 21.634544  	 21.687844  	 44.865874  	 41.936097  	 0.986013  	 41.811617   
 00:47:49 	 20.553870 	  20.787384 	 20.419034  	 19.797585  	 20.241477  	 21.240292  	 21.488873  	 45.262917  	 41.836722  	 0.986603  	 41.524684   
 01:17:49 	 20.464115 	  20.787384 	 20.419034  	 19.797585  	 20.241477  	 21.338855  	 21.488873  	 45.262917  	 42.234221  	 0.986603  	 41.811617   
 01:47:49 	 20.464115 	  20.787384 	 20.330256  	 19.708807  	 20.241477  	 21.437418  	 21.439130  	 44.568091  	 41.637973  	 0.987784  	 41.715972   
 02:17:49 	 20.553870 	  20.787384 	 20.330256  	 19.886364  	 20.063920  	 21.437418  	 21.488873  	 44.071787  	 41.240474  	 0.987784  	 41.907261   
 02:47:49 	 20.553870 	  20.787384 	 20.419034  	 19.797585  	 20.152699  	 21.437418  	 21.488873  	 43.674744  	 40.544852  	 0.988375  	 41.811617   
 03:17:49 	 20.553870 	  20.787384 	 20.419034  	 19.708807  	 20.152699  	 21.437418  	 21.488873  	 43.178440  	 40.246728  	 0.988375  	 41.811617   
 03:47:49 	 20.553870 	  20.787384 	 20.419034  	 19.797585  	 20.152699  	 21.486700  	 21.588358  	 42.483615  	 39.650480  	 0.988375  	 41.907261   
 04:17:49 	 20.553870 	  20.787384 	 20.330256  	 19.708807  	 20.152699  	 21.289574  	 21.339644  	 42.682136  	 39.650480  	 0.988965  	 41.811617   
 04:47:49 	 20.643625 	  20.787384 	 20.419034  	 19.797585  	 20.152699  	 21.733107  	 21.588358  	 41.491007  	 38.954858  	 0.988965  	 41.811617   
 05:17:49 	 20.643625 	  20.876985 	 20.507812  	 19.797585  	 20.241477  	 21.831670  	 21.837072  	 40.200617  	 37.364863  	 0.989556  	 42.098550   
 05:47:49 	 20.823135 	  20.876985 	 20.596591  	 19.886364  	 20.152699  	 21.831670  	 21.936558  	 39.902835  	 36.867990  	 0.990146  	 42.098550   
 06:17:49 	 20.823135 	  20.966586 	 20.507812  	 19.797585  	 20.152699  	 22.078077  	 22.036043  	 39.208009  	 36.371117  	 0.990146  	 42.098550   
 06:47:49 	 20.823135 	  20.966586 	 20.596591  	 19.886364  	 20.241477  	 22.127358  	 22.185271  	 38.513184  	 35.476745  	 0.990737  	 41.907261   
 07:17:49 	 20.733380 	  20.966586 	 20.596591  	 19.886364  	 20.241477  	 22.127358  	 22.235014  	 37.818358  	 34.781123  	 0.991918  	 42.002905   
 07:47:49 	 20.733380 	  20.966586 	 20.596591  	 19.886364  	 20.241477  	 21.930232  	 22.135529  	 37.619837  	 34.582374  	 0.991918  	 42.002905   
 08:17:49 	 20.733380 	  20.966586 	 20.596591  	 19.886364  	 20.152699  	 21.880951  	 22.036043  	 37.818358  	 34.781123  	 0.992508  	 42.002905   
 08:47:49 	 20.733380 	  20.966586 	 20.507812  	 19.886364  	 20.330256  	 21.930232  	 22.036043  	 38.116140  	 35.079247  	 0.993099  	 42.002905   
 09:17:49 	 20.733380 	  21.056187 	 20.507812  	 19.886364  	 20.241477  	 21.930232  	 21.986300  	 39.108748  	 35.973619  	 0.993689  	 42.002905   
 09:47:49 	 20.912889 	  21.145787 	 20.596591  	 19.886364  	 20.152699  	 22.028795  	 22.185271  	 39.208009  	 35.973619  	 0.994280  	 42.098550   
 10:17:49 	 20.912889 	  21.056187 	 20.596591  	 19.886364  	 20.241477  	 22.078077  	 22.235014  	 38.910227  	 35.874244  	 0.994870  	 41.907261   
 10:47:49 	 20.553870 	  20.966586 	 20.596591  	 19.886364  	 20.330256  	 21.831670  	 21.986300  	 40.399138  	 36.867990  	 0.994870  	 41.811617   
 11:17:49 	 20.374360 	  20.966586 	 20.419034  	 19.797585  	 20.241477  	 21.141730  	 21.588358  	 40.101356  	 36.371117  	 0.994870  	 41.715972   
 11:47:49 	 20.733380 	  20.966586 	 20.596591  	 19.886364  	 20.241477  	 21.634544  	 21.737586  	 36.825750  	 33.886751  	 0.995461  	 42.002905   
 12:17:49 	 20.823135 	  21.056187 	 20.596591  	 19.975142  	 20.330256  	 21.979514  	 21.936558  	 36.031664  	 33.489253  	 0.995461  	 41.811617   
 12:47:49 	 20.823135 	  21.056187 	 20.685369  	 19.975142  	 20.330256  	 22.028795  	 22.135529  	 33.947188  	 31.104261  	 0.996051  	 41.715972   
 13:17:49 	 20.553870 	  21.056187 	 20.596591  	 19.886364  	 20.241477  	 21.782388  	 21.986300  	 30.175278  	 27.129276  	 0.996051  	 41.524684   
 13:47:49 	 20.553870 	  20.966586 	 20.596591  	 19.797585  	 20.241477  	 21.535981  	 21.737586  	 28.090801  	 25.141783  	 0.996051  	 41.524684   
 14:17:49 	 20.464115 	  20.966586 	 20.507812  	 19.797585  	 20.241477  	 21.289574  	 21.538615  	 27.395976  	 24.346786  	 0.996051  	 41.237750   
 14:47:49 	 20.733380 	  20.966586 	 20.685369  	 19.797585  	 20.152699  	 21.733107  	 21.737586  	 28.090801  	 25.241158  	 0.995461  	 41.715972   
 15:17:49 	 20.733380 	  21.056187 	 20.596591  	 19.886364  	 20.330256  	 21.930232  	 21.936558  	 27.693758  	 24.843659  	 0.996051  	 41.811617   
 15:47:49 	 20.912889 	  21.056187 	 20.596591  	 19.886364  	 20.330256  	 22.127358  	 22.135529  	 27.395976  	 24.744285  	 0.995461  	 42.098550   
 16:17:49 	 20.912889 	  21.056187 	 20.685369  	 19.975142  	 20.241477  	 22.324484  	 22.334500  	 25.410760  	 22.657417  	 0.995461  	 42.098550   
 16:47:49 	 20.643625 	  21.056187 	 20.596591  	 19.886364  	 20.330256  	 21.486700  	 21.936558  	 26.403368  	 22.955541  	 0.995461  	 41.524684   
 17:17:49 	 20.553870 	  20.966586 	 20.596591  	 19.975142  	 20.241477  	 21.535981  	 21.837072  	 25.907064  	 22.756792  	 0.995461  	 41.620328   
 17:47:49 	 20.553870 	  20.966586 	 20.596591  	 19.886364  	 20.419034  	 21.634544  	 21.787329  	 25.907064  	 22.955541  	 0.995461  	 41.429039   
 18:17:49 	 20.553870 	  20.966586 	 20.596591  	 19.886364  	 20.330256  	 21.831670  	 21.837072  	 24.815196  	 21.961795  	 0.995461  	 41.524684   
 18:47:49 	 20.464115 	  20.966586 	 20.507812  	 19.886364  	 20.241477  	 21.585262  	 21.737586  	 25.410760  	 22.259919  	 0.995461  	 41.237750   
 19:17:49 	 20.553870 	  20.966586 	 20.596591  	 19.797585  	 20.241477  	 21.634544  	 21.737586  	 26.006325  	 23.054916  	 0.996642  	 41.524684   
 19:47:49 	 20.464115 	  21.056187 	 20.596591  	 19.886364  	 20.241477  	 21.683825  	 21.737586  	 27.296715  	 24.048662  	 0.996051  	 41.524684   
 20:17:49 	 20.553870 	  20.966586 	 20.596591  	 19.886364  	 20.241477  	 21.683825  	 21.737586  	 28.884888  	 25.638656  	 0.997232  	 41.333395   
 20:47:49 	 20.643625 	  20.966586 	 20.596591  	 19.797585  	 20.241477  	 21.782388  	 21.737586  	 32.061233  	 28.918019  	 0.997232  	 41.715972   
 21:17:49 	 20.643625 	  20.966586 	 20.596591  	 19.886364  	 20.152699  	 21.880951  	 21.886815  	 32.061233  	 29.017394  	 0.997823  	 41.811617   
 21:47:49 	 20.374360 	  20.966586 	 20.507812  	 19.797585  	 20.241477  	 21.535981  	 21.687844  	 31.961972  	 28.818645  	 0.998414  	 41.715972   
 22:17:49 	 20.553870 	  20.876985 	 20.507812  	 19.797585  	 20.152699  	 21.388137  	 21.638101  	 30.870103  	 27.824898  	 0.999004  	 41.811617   
 22:47:49 	 20.733380 	  20.966586 	 20.507812  	 19.886364  	 20.241477  	 21.930232  	 21.886815  	 29.381192  	 26.433653  	 0.999595  	 42.002905   
 23:17:49 	 20.733380 	  20.966586 	 20.596591  	 19.886364  	 20.330256  	 22.028795  	 22.036043  	 29.480452  	 26.731777  	 0.999004  	 41.715972   
 23:47:49 	 20.823135 	  21.056187 	 20.685369  	 19.886364  	 20.241477  	 22.078077  	 22.085786  	 30.175278  	 27.328025  	 0.999595  	 41.811617   
