  time  	 temp_tab_dw  	 temp_tab_up  	 temp_pl1  	 temp_pl2  	 temp_pl3  	 temp_amb_pc  	 temp_amb_door  	 rh_amb_pc  	 rh_amb_door  	 press_amb  	 press_diff  
 00:08:57 	 20.823135 	  21.145787 	 20.774148  	 20.063920  	 20.419034  	 21.979514  	 22.135529  	 32.656797  	 29.514267  	 1.003138  	 41.333395   
 00:38:57 	 20.643625 	  21.145787 	 20.596591  	 20.063920  	 20.419034  	 21.437418  	 21.787329  	 33.153101  	 29.613642  	 1.003138  	 41.333395   
 01:08:57 	 20.553870 	  20.966586 	 20.685369  	 19.975142  	 20.330256  	 21.191011  	 21.538615  	 32.954580  	 29.315518  	 1.003138  	 41.046462   
 01:38:57 	 20.912889 	  21.056187 	 20.685369  	 19.975142  	 20.419034  	 21.683825  	 21.737586  	 31.961972  	 28.918019  	 1.003138  	 41.429039   
 02:08:57 	 20.912889 	  21.145787 	 20.774148  	 20.063920  	 20.419034  	 21.880951  	 21.986300  	 30.969364  	 27.924273  	 1.003138  	 41.620328   
 02:38:57 	 21.002644 	  21.145787 	 20.774148  	 20.063920  	 20.419034  	 21.979514  	 22.085786  	 31.068625  	 28.023648  	 1.003138  	 41.524684   
 03:08:57 	 21.092399 	  21.235388 	 20.774148  	 20.152699  	 20.507812  	 22.028795  	 22.235014  	 31.167886  	 28.023648  	 1.003138  	 41.237750   
 03:38:57 	 20.912889 	  21.235388 	 20.774148  	 20.063920  	 20.507812  	 22.078077  	 22.334500  	 30.671582  	 27.328025  	 1.003138  	 41.429039   
 04:08:57 	 21.002644 	  21.235388 	 20.774148  	 20.152699  	 20.507812  	 21.979514  	 22.235014  	 30.373799  	 27.129276  	 1.003138  	 41.333395   
 04:38:57 	 20.912889 	  21.235388 	 20.862926  	 20.152699  	 20.507812  	 21.979514  	 22.235014  	 30.572321  	 27.228651  	 1.003138  	 41.237750   
 05:08:57 	 21.002644 	  21.235388 	 20.862926  	 20.152699  	 20.507812  	 21.979514  	 22.284757  	 30.274539  	 26.930527  	 1.003728  	 41.142106   
 05:38:57 	 21.002644 	  21.235388 	 20.774148  	 20.152699  	 20.507812  	 21.930232  	 22.235014  	 30.175278  	 26.731777  	 1.004319  	 41.046462   
 06:08:57 	 21.002644 	  21.235388 	 20.862926  	 20.152699  	 20.507812  	 21.880951  	 22.185271  	 30.274539  	 26.930527  	 1.004319  	 41.237750   
 06:38:57 	 21.002644 	  21.235388 	 20.862926  	 20.063920  	 20.507812  	 21.880951  	 22.135529  	 29.976756  	 26.632403  	 1.004319  	 41.142106   
 07:08:57 	 21.002644 	  21.235388 	 20.774148  	 20.152699  	 20.507812  	 21.831670  	 22.036043  	 29.976756  	 26.731777  	 1.004319  	 40.855173   
 07:38:57 	 21.002644 	  21.235388 	 20.774148  	 20.152699  	 20.507812  	 21.733107  	 22.135529  	 30.175278  	 26.831152  	 1.004909  	 41.046462   
 08:08:57 	 21.002644 	  21.235388 	 20.774148  	 20.152699  	 20.507812  	 21.831670  	 22.036043  	 31.465668  	 28.023648  	 1.004909  	 41.142106   
 08:38:57 	 21.002644 	  21.235388 	 20.685369  	 20.063920  	 20.507812  	 21.880951  	 22.085786  	 33.252362  	 30.011140  	 1.004909  	 40.950817   
 09:08:57 	 21.002644 	  21.324989 	 20.862926  	 20.152699  	 20.507812  	 21.930232  	 22.135529  	 31.763450  	 28.619895  	 1.005500  	 41.237750   
 09:38:57 	 21.092399 	  21.056187 	 20.951705  	 20.330256  	 20.507812  	 22.028795  	 22.235014  	 32.359015  	 29.116769  	 1.006090  	 41.046462   
 10:08:57 	 21.092399 	  19.891376 	 20.862926  	 20.330256  	 20.507812  	 21.930232  	 22.185271  	 33.153101  	 29.812391  	 1.005500  	 40.950817   
 10:38:57 	 20.912889 	  21.056187 	 20.951705  	 20.330256  	 20.596591  	 21.782388  	 22.185271  	 33.847927  	 30.011140  	 1.005500  	 41.046462   
 11:08:57 	 21.092399 	  21.324989 	 20.951705  	 20.330256  	 20.596591  	 21.930232  	 22.185271  	 34.244970  	 31.004887  	 1.005500  	 41.142106   
 11:38:57 	 20.823135 	  20.876985 	 20.951705  	 20.330256  	 20.596591  	 21.979514  	 22.185271  	 35.436099  	 31.998633  	 1.005500  	 40.759529   
 12:08:57 	 20.912889 	  21.145787 	 20.951705  	 20.330256  	 20.685369  	 21.979514  	 22.235014  	 36.329446  	 32.793630  	 1.005500  	 41.046462   
 12:38:57 	 21.002644 	  21.414590 	 20.951705  	 20.241477  	 20.596591  	 22.028795  	 22.135529  	 36.130925  	 33.091754  	 1.004909  	 40.663884   
 13:08:57 	 20.823135 	  21.324989 	 20.862926  	 20.152699  	 20.596591  	 21.634544  	 21.936558  	 36.627229  	 33.191129  	 1.004909  	 40.855173   
 13:38:57 	 20.733380 	  21.324989 	 20.862926  	 20.152699  	 20.596591  	 21.535981  	 21.787329  	 36.726490  	 33.191129  	 1.004319  	 40.568240   
 14:08:57 	 20.733380 	  21.235388 	 20.774148  	 20.152699  	 20.596591  	 21.437418  	 21.687844  	 37.322054  	 33.787377  	 1.004319  	 40.472596   
 14:38:57 	 20.823135 	  21.324989 	 20.862926  	 20.152699  	 20.507812  	 21.733107  	 21.837072  	 37.222793  	 33.886751  	 1.004319  	 40.855173   
 15:08:57 	 20.912889 	  21.235388 	 20.951705  	 20.152699  	 20.596591  	 21.930232  	 21.986300  	 37.222793  	 33.986126  	 1.003728  	 40.950817   
 15:38:57 	 21.002644 	  21.324989 	 20.951705  	 20.241477  	 20.596591  	 22.028795  	 22.085786  	 37.421315  	 34.184875  	 1.003728  	 41.046462   
 16:08:57 	 21.002644 	  21.414590 	 20.951705  	 20.330256  	 20.596591  	 22.078077  	 22.235014  	 37.322054  	 34.085500  	 1.003728  	 41.142106   
 16:38:57 	 21.002644 	  21.414590 	 21.040483  	 20.241477  	 20.596591  	 22.078077  	 22.284757  	 37.421315  	 33.986126  	 1.003728  	 41.142106   
 17:08:57 	 21.002644 	  21.414590 	 20.951705  	 20.330256  	 20.596591  	 22.176639  	 22.334500  	 37.619837  	 34.184875  	 1.003728  	 41.142106   
 17:38:57 	 21.002644 	  21.414590 	 20.951705  	 20.241477  	 20.596591  	 22.275202  	 22.334500  	 38.116140  	 34.681748  	 1.003728  	 41.237750   
 18:08:57 	 20.912889 	  21.324989 	 20.951705  	 20.241477  	 20.596591  	 21.880951  	 22.135529  	 40.299878  	 36.867990  	 1.003728  	 41.237750   
 18:38:57 	 20.733380 	  21.324989 	 20.951705  	 20.241477  	 20.507812  	 21.535981  	 21.837072  	 41.292486  	 37.861737  	 1.003138  	 40.950817   
 19:08:57 	 20.733380 	  21.235388 	 20.862926  	 20.152699  	 20.596591  	 21.388137  	 21.687844  	 41.788789  	 38.259235  	 1.003138  	 40.950817   
 19:38:57 	 20.643625 	  21.145787 	 20.862926  	 20.152699  	 20.596591  	 21.289574  	 21.588358  	 42.384354  	 38.855483  	 1.003138  	 40.950817   
 20:08:57 	 20.733380 	  21.145787 	 20.862926  	 20.063920  	 20.507812  	 21.289574  	 21.488873  	 42.682136  	 39.551105  	 1.002547  	 41.046462   
 20:38:57 	 20.643625 	  21.145787 	 20.774148  	 20.063920  	 20.507812  	 21.338855  	 21.538615  	 42.483615  	 39.153607  	 1.002547  	 40.950817   
 21:08:57 	 20.643625 	  21.145787 	 20.774148  	 20.152699  	 20.507812  	 21.338855  	 21.488873  	 42.483615  	 39.153607  	 1.002547  	 40.950817   
 21:38:57 	 20.733380 	  21.056187 	 20.685369  	 20.063920  	 20.507812  	 21.338855  	 21.488873  	 42.384354  	 39.153607  	 1.002547  	 41.046462   
 22:08:57 	 20.643625 	  21.056187 	 20.685369  	 19.975142  	 20.507812  	 21.240292  	 21.439130  	 42.781397  	 39.451731  	 1.002547  	 40.950817   
 22:38:57 	 20.912889 	  21.145787 	 20.774148  	 20.063920  	 20.419034  	 21.535981  	 21.538615  	 42.285093  	 39.352356  	 1.003138  	 41.142106   
 23:08:57 	 21.002644 	  21.145787 	 20.774148  	 20.152699  	 20.419034  	 21.979514  	 21.936558  	 41.391746  	 38.557359  	 1.002547  	 41.333395   
 23:38:57 	 21.002644 	  21.235388 	 20.862926  	 20.063920  	 20.507812  	 22.176639  	 22.185271  	 40.895442  	 37.961111  	 1.001957  	 41.237750   
