  time  	 temp_tab_dw  	 temp_tab_up  	 temp_pl1  	 temp_pl2  	 temp_pl3  	 temp_amb_pc  	 temp_amb_door  	 rh_amb_pc  	 rh_amb_door  	 press_amb  	 press_diff  
 00:10:05 	 20.643625 	  20.966586 	 20.596591  	 19.975142  	 20.330256  	 21.733107  	 21.886815  	 53.203779  	 49.190445  	 1.008452  	 49.176232   
 00:40:05 	 20.643625 	  20.966586 	 20.596591  	 19.886364  	 20.330256  	 21.733107  	 21.886815  	 53.303040  	 49.389195  	 1.008452  	 49.080588   
 01:10:05 	 20.553870 	  20.966586 	 20.596591  	 19.886364  	 20.241477  	 21.683825  	 21.837072  	 53.104519  	 49.190445  	 1.008452  	 49.176232   
 01:40:05 	 20.553870 	  20.966586 	 20.596591  	 19.886364  	 20.330256  	 21.634544  	 21.787329  	 53.203779  	 49.190445  	 1.009043  	 49.367521   
 02:10:05 	 20.553870 	  20.966586 	 20.596591  	 19.886364  	 20.330256  	 21.585262  	 21.737586  	 52.707475  	 48.991696  	 1.009043  	 49.367521   
 02:40:05 	 20.553870 	  20.966586 	 20.596591  	 19.886364  	 20.419034  	 21.535981  	 21.737586  	 52.905997  	 49.091071  	 1.009043  	 48.984944   
 03:10:05 	 20.553870 	  20.966586 	 20.507812  	 19.797585  	 20.330256  	 21.585262  	 21.687844  	 52.707475  	 49.091071  	 1.009043  	 48.984944   
 03:40:05 	 20.553870 	  20.876985 	 20.507812  	 19.886364  	 20.241477  	 21.683825  	 21.787329  	 52.310432  	 48.594197  	 1.009043  	 48.984944   
 04:10:05 	 20.553870 	  20.966586 	 20.507812  	 19.886364  	 20.330256  	 21.683825  	 21.737586  	 52.012650  	 48.395448  	 1.009043  	 48.889299   
 04:40:05 	 20.553870 	  20.876985 	 20.507812  	 19.886364  	 20.241477  	 21.535981  	 21.737586  	 52.211172  	 48.296074  	 1.009043  	 48.984944   
 05:10:05 	 20.553870 	  20.876985 	 20.507812  	 19.886364  	 20.152699  	 21.585262  	 21.687844  	 51.714868  	 47.997950  	 1.009043  	 48.889299   
 05:40:05 	 20.553870 	  20.876985 	 20.507812  	 19.886364  	 20.330256  	 21.486700  	 21.687844  	 52.310432  	 48.494823  	 1.009043  	 48.984944   
 06:10:05 	 20.553870 	  20.876985 	 20.507812  	 19.797585  	 20.241477  	 21.634544  	 21.687844  	 52.211172  	 48.494823  	 1.009043  	 48.793655   
 06:40:05 	 20.553870 	  20.876985 	 20.507812  	 19.797585  	 20.241477  	 21.585262  	 21.687844  	 52.111911  	 48.395448  	 1.009633  	 48.698011   
 07:10:05 	 20.464115 	  20.876985 	 20.507812  	 19.797585  	 20.241477  	 21.535981  	 21.687844  	 51.714868  	 47.997950  	 1.009043  	 49.080588   
 07:40:05 	 20.464115 	  20.876985 	 20.507812  	 19.886364  	 20.241477  	 21.486700  	 21.638101  	 51.417085  	 47.699826  	 1.009043  	 49.367521   
 08:10:05 	 20.464115 	  20.787384 	 20.419034  	 19.708807  	 20.241477  	 21.486700  	 21.687844  	 51.417085  	 47.501076  	 1.009043  	 48.889299   
 08:40:05 	 20.464115 	  20.787384 	 20.419034  	 19.797585  	 20.241477  	 21.585262  	 21.737586  	 51.317825  	 47.600451  	 1.009043  	 48.793655   
 09:10:05 	 20.553870 	  20.787384 	 20.419034  	 19.797585  	 20.241477  	 21.585262  	 21.687844  	 51.417085  	 47.799200  	 1.009633  	 49.080588   
 09:40:05 	 20.553870 	  20.876985 	 20.507812  	 19.797585  	 20.241477  	 21.782388  	 21.737586  	 51.814128  	 48.196699  	 1.009633  	 48.984944   
 10:10:05 	 20.374360 	  20.876985 	 20.596591  	 19.886364  	 20.241477  	 21.979514  	 21.886815  	 51.814128  	 48.494823  	 1.009633  	 48.793655   
 10:40:05 	 20.643625 	  20.876985 	 20.685369  	 20.063920  	 20.330256  	 22.176639  	 21.936558  	 52.111911  	 49.289820  	 1.009633  	 48.984944   
 11:10:05 	 20.553870 	  20.608183 	 20.685369  	 19.975142  	 20.330256  	 22.176639  	 22.135529  	 52.806736  	 49.786693  	 1.009633  	 48.984944   
 11:40:05 	 20.823135 	  21.056187 	 20.685369  	 20.063920  	 20.419034  	 22.225921  	 22.135529  	 52.905997  	 49.587944  	 1.009633  	 49.271877   
 12:10:05 	 20.733380 	  21.056187 	 20.685369  	 19.975142  	 20.419034  	 22.127358  	 22.185271  	 52.508954  	 49.190445  	 1.009043  	 49.558810   
 12:40:05 	 20.733380 	  21.056187 	 20.685369  	 20.063920  	 20.330256  	 22.028795  	 22.085786  	 53.203779  	 49.389195  	 1.009043  	 49.080588   
 13:10:05 	 20.643625 	  21.056187 	 20.685369  	 19.975142  	 20.419034  	 21.831670  	 22.135529  	 52.310432  	 47.997950  	 1.008452  	 48.984944   
 13:40:05 	 20.643625 	  21.056187 	 20.685369  	 19.886364  	 20.330256  	 21.733107  	 22.036043  	 52.211172  	 47.997950  	 1.008452  	 48.793655   
 14:10:05 	 20.643625 	  21.056187 	 20.685369  	 19.975142  	 20.330256  	 21.733107  	 21.986300  	 50.523738  	 46.507330  	 1.007862  	 49.080588   
 14:40:05 	 20.643625 	  21.056187 	 20.685369  	 19.975142  	 20.330256  	 21.733107  	 22.036043  	 51.020042  	 46.805454  	 1.007862  	 49.080588   
 15:10:05 	 20.733380 	  21.056187 	 20.685369  	 20.063920  	 20.419034  	 21.930232  	 22.085786  	 50.722260  	 47.103578  	 1.007271  	 49.463166   
 15:40:05 	 20.733380 	  21.145787 	 20.774148  	 20.063920  	 20.419034  	 22.078077  	 22.235014  	 50.225956  	 46.507330  	 1.007862  	 49.176232   
 16:10:05 	 20.823135 	  21.145787 	 20.951705  	 20.152699  	 20.507812  	 21.930232  	 22.334500  	 50.325217  	 46.407955  	 1.007271  	 49.176232   
 16:40:05 	 20.823135 	  21.145787 	 20.862926  	 20.063920  	 20.419034  	 22.225921  	 22.384242  	 49.729652  	 45.811708  	 1.007271  	 48.315433   
 17:10:05 	 20.823135 	  21.235388 	 20.862926  	 20.152699  	 20.419034  	 22.176639  	 22.334500  	 49.729652  	 46.010457  	 1.007271  	 49.080588   
 17:40:05 	 20.823135 	  21.145787 	 20.862926  	 20.152699  	 20.419034  	 22.078077  	 22.384242  	 50.424477  	 46.308581  	 1.007271  	 49.080588   
 18:10:05 	 20.823135 	  21.145787 	 20.774148  	 20.152699  	 20.507812  	 21.979514  	 22.284757  	 50.920781  	 46.706079  	 1.007271  	 49.176232   
 18:40:05 	 20.823135 	  21.235388 	 20.862926  	 20.152699  	 20.507812  	 21.979514  	 22.334500  	 50.722260  	 46.507330  	 1.007271  	 49.367521   
 19:10:05 	 20.733380 	  21.235388 	 20.774148  	 20.152699  	 20.507812  	 21.930232  	 22.384242  	 51.615607  	 47.202953  	 1.007862  	 49.080588   
 19:40:05 	 20.643625 	  21.145787 	 20.774148  	 20.063920  	 20.507812  	 21.782388  	 22.284757  	 52.111911  	 47.501076  	 1.007862  	 49.271877   
 20:10:05 	 20.643625 	  21.145787 	 20.774148  	 20.063920  	 20.507812  	 21.733107  	 22.135529  	 52.508954  	 47.799200  	 1.008452  	 49.080588   
 20:40:05 	 20.733380 	  21.145787 	 20.774148  	 20.063920  	 20.419034  	 21.733107  	 22.135529  	 52.806736  	 48.196699  	 1.009043  	 48.984944   
 21:10:05 	 20.643625 	  21.145787 	 20.685369  	 19.975142  	 20.507812  	 21.683825  	 22.085786  	 52.508954  	 48.196699  	 1.009043  	 49.080588   
 21:40:05 	 20.643625 	  21.056187 	 20.685369  	 19.975142  	 20.507812  	 21.683825  	 21.936558  	 52.508954  	 48.196699  	 1.009633  	 49.176232   
 22:10:05 	 20.643625 	  21.056187 	 20.685369  	 19.975142  	 20.507812  	 21.535981  	 21.936558  	 52.707475  	 48.196699  	 1.009633  	 49.080588   
 22:40:05 	 20.643625 	  21.056187 	 20.685369  	 20.063920  	 20.330256  	 21.585262  	 21.936558  	 52.905997  	 48.494823  	 1.009633  	 49.176232   
 23:10:05 	 20.733380 	  21.056187 	 20.596591  	 19.975142  	 20.507812  	 21.683825  	 22.036043  	 52.806736  	 48.594197  	 1.010224  	 49.080588   
 23:40:05 	 20.643625 	  21.056187 	 20.685369  	 19.975142  	 20.419034  	 21.683825  	 21.986300  	 52.806736  	 48.594197  	 1.010814  	 49.080588   
