  277.934998 	 -200.160004 	 0.000000 	 0.757500 	 -0.361328 	 20.464115 
  277.940002 	 -276.214996 	 0.000000 	 0.705000 	 -0.356445 	 20.464115 
  277.945007 	 -353.184998 	 0.000000 	 0.652500 	 -0.362305 	 20.464115 
  277.945007 	 -430.429993 	 0.000000 	 0.597500 	 -0.372070 	 20.374360 
  277.950012 	 -507.359985 	 0.000000 	 0.531100 	 -0.377930 	 20.464115 
  277.950012 	 -584.570007 	 0.000000 	 0.483600 	 -0.377930 	 20.464115 
  277.954987 	 -661.474976 	 0.000000 	 0.431900 	 -0.373047 	 20.464115 
  277.954987 	 -738.755005 	 0.000000 	 0.396600 	 -0.368164 	 20.464115 
  277.954987 	 -815.669983 	 0.000000 	 0.359100 	 -0.364258 	 20.553870 
  277.959991 	 -892.929993 	 0.000000 	 0.320000 	 -0.359375 	 20.374360 
  277.959991 	 -969.900024 	 0.000000 	 0.291100 	 -0.354492 	 20.464115 
  277.959991 	 -1047.145020 	 0.000000 	 0.266100 	 -0.363281 	 20.464115 
  277.959991 	 -1124.104980 	 0.000000 	 0.239100 	 -0.374023 	 20.464115 
  277.964996 	 -1201.349976 	 0.000000 	 0.220000 	 -0.377930 	 20.464115 
  367.994995 	 -1163.910034 	 0.000000 	 0.221100 	 -0.374023 	 20.464115 
  367.994995 	 -1086.729980 	 0.000000 	 0.240000 	 -0.370117 	 20.464115 
  367.994995 	 -1009.820007 	 0.000000 	 0.277500 	 -0.365234 	 20.464115 
  367.994995 	 -932.570007 	 0.000000 	 0.303600 	 -0.360352 	 20.464115 
  367.994995 	 -855.705017 	 0.000000 	 0.345000 	 -0.355469 	 20.464115 
  367.994995 	 -778.460022 	 0.000000 	 0.377500 	 -0.360352 	 20.374360 
  367.994995 	 -701.640015 	 0.000000 	 0.417500 	 -0.370117 	 20.464115 
  367.994995 	 -624.260010 	 0.000000 	 0.461100 	 -0.376953 	 20.464115 
  367.994995 	 -547.434998 	 0.000000 	 0.516600 	 -0.376953 	 20.374360 
  367.994995 	 -470.059998 	 0.000000 	 0.577500 	 -0.374023 	 20.553870 
  367.994995 	 -393.170013 	 0.000000 	 0.631900 	 -0.370117 	 20.464115 
  367.994995 	 -315.739990 	 0.000000 	 0.696600 	 -0.364258 	 20.464115 
  367.994995 	 -238.899994 	 0.000000 	 0.752500 	 -0.360352 	 20.464115 
  458.024994 	 -238.899994 	 0.000000 	 0.807500 	 -0.354492 	 20.464115 
  458.029999 	 -314.670013 	 0.000000 	 0.743600 	 -0.361328 	 20.464115 
  458.029999 	 -391.980011 	 0.000000 	 0.676600 	 -0.373047 	 20.464115 
  458.029999 	 -468.869995 	 0.005000 	 0.619100 	 -0.377930 	 20.374360 
  458.029999 	 -546.164978 	 0.000000 	 0.557500 	 -0.375977 	 20.464115 
  458.029999 	 -623.015015 	 0.000000 	 0.499100 	 -0.373047 	 20.464115 
  458.029999 	 -700.260010 	 0.000000 	 0.452500 	 -0.368164 	 20.553870 
  458.029999 	 -777.234985 	 0.000000 	 0.408100 	 -0.363281 	 20.553870 
  458.035004 	 -854.340027 	 0.000000 	 0.370000 	 -0.358398 	 20.464115 
  458.035004 	 -931.385010 	 0.000000 	 0.329100 	 -0.354492 	 20.374360 
  458.035004 	 -1008.580017 	 0.000000 	 0.298100 	 -0.366211 	 20.374360 
  458.035004 	 -1085.655029 	 0.000000 	 0.253600 	 -0.373047 	 20.374360 
  458.035004 	 -1162.685059 	 0.000000 	 0.231900 	 -0.377930 	 20.464115 
  548.090027 	 -1125.160034 	 0.000000 	 0.259100 	 -0.374023 	 20.464115 
  548.090027 	 -1048.444946 	 0.000000 	 0.293600 	 -0.371094 	 20.464115 
  548.090027 	 -971.039978 	 0.000000 	 0.335000 	 -0.365234 	 20.464115 
  548.090027 	 -894.174988 	 0.000000 	 0.377500 	 -0.361328 	 20.464115 
  548.090027 	 -816.929993 	 0.000000 	 0.419100 	 -0.356445 	 20.464115 
  548.090027 	 -740.015015 	 0.000000 	 0.463600 	 -0.360352 	 20.374360 
  548.090027 	 -662.835022 	 0.000000 	 0.509100 	 -0.371094 	 20.464115 
  548.090027 	 -585.804993 	 0.000000 	 0.566100 	 -0.377930 	 20.464115 
  548.090027 	 -508.720001 	 0.000000 	 0.623600 	 -0.377930 	 20.374360 
  548.090027 	 -431.640015 	 0.000000 	 0.683600 	 -0.373047 	 20.464115 
  548.090027 	 -354.420013 	 0.000000 	 0.741100 	 -0.369141 	 20.464115 
  548.090027 	 -277.350006 	 0.000000 	 0.811100 	 -0.365234 	 20.374360 
  638.205017 	 -277.350006 	 0.000000 	 0.855000 	 -0.360352 	 20.374360 
  638.210022 	 -353.220001 	 0.000000 	 0.797500 	 -0.355469 	 20.374360 
  638.210022 	 -430.464996 	 0.005000 	 0.740000 	 -0.366211 	 20.464115 
  638.210022 	 -507.385010 	 0.000000 	 0.677500 	 -0.375977 	 20.374360 
  638.210022 	 -584.599976 	 0.000000 	 0.619100 	 -0.378906 	 20.374360 
  638.210022 	 -661.505005 	 0.000000 	 0.560000 	 -0.377930 	 20.464115 
  638.210022 	 -738.789978 	 0.000000 	 0.512500 	 -0.373047 	 20.464115 
  638.210022 	 -815.705017 	 0.000000 	 0.461600 	 -0.368164 	 20.464115 
  638.215027 	 -892.960022 	 0.000000 	 0.415000 	 -0.364258 	 20.374360 
  638.215027 	 -969.950012 	 0.000000 	 0.372500 	 -0.359375 	 20.374360 
  638.215027 	 -1047.180054 	 0.000000 	 0.329100 	 -0.353516 	 20.374360 
  638.215027 	 -1124.155029 	 0.000000 	 0.290000 	 -0.368164 	 20.374360 
  728.385010 	 -1124.155029 	 0.000000 	 0.302500 	 -0.375000 	 20.374360 
  728.385010 	 -1048.425049 	 0.000000 	 0.349100 	 -0.379883 	 20.374360 
  728.385010 	 -971.039978 	 0.000000 	 0.385000 	 -0.375977 	 20.374360 
  728.385010 	 -894.174988 	 0.000000 	 0.425000 	 -0.371094 	 20.374360 
  728.385010 	 -816.940002 	 0.000000 	 0.477500 	 -0.367188 	 20.374360 
  728.385010 	 -740.015015 	 0.000000 	 0.533600 	 -0.363281 	 20.464115 
  728.385010 	 -662.830017 	 0.000000 	 0.581600 	 -0.357422 	 20.284605 
  728.385010 	 -585.809998 	 0.000000 	 0.633600 	 -0.358398 	 20.374360 
  728.385010 	 -508.709991 	 0.000000 	 0.696600 	 -0.370117 	 20.374360 
  728.385010 	 -431.644989 	 0.005000 	 0.760000 	 -0.376953 	 20.015341 
  728.385010 	 -354.429993 	 0.000000 	 0.816600 	 -0.380859 	 20.374360 
  728.385010 	 -277.339996 	 0.000000 	 0.873600 	 -0.375977 	 20.374360 
  818.359985 	 -314.700012 	 0.000000 	 0.846100 	 -0.371094 	 20.464115 
  818.359985 	 -391.975006 	 0.005000 	 0.788100 	 -0.365234 	 20.374360 
  818.359985 	 -468.859985 	 0.005000 	 0.729100 	 -0.360352 	 20.464115 
  818.364990 	 -546.179993 	 0.000000 	 0.666900 	 -0.356445 	 20.464115 
  818.364990 	 -623.005005 	 0.000000 	 0.605000 	 -0.366211 	 20.374360 
  818.364990 	 -700.255005 	 0.000000 	 0.551100 	 -0.375000 	 20.374360 
  818.364990 	 -777.229980 	 0.000000 	 0.503600 	 -0.379883 	 20.374360 
  818.364990 	 -854.359985 	 0.000000 	 0.453600 	 -0.377930 	 20.374360 
  818.364990 	 -931.390015 	 0.000000 	 0.410000 	 -0.372070 	 20.374360 
  818.364990 	 -1008.585022 	 0.000000 	 0.370000 	 -0.368164 	 20.374360 
  818.364990 	 -1085.660034 	 0.000000 	 0.320000 	 -0.362305 	 20.374360 
  908.479980 	 -1085.660034 	 0.000000 	 0.330000 	 -0.357422 	 20.464115 
  908.479980 	 -1009.809998 	 0.000000 	 0.377500 	 -0.356445 	 20.374360 
  908.479980 	 -932.565002 	 0.000000 	 0.416600 	 -0.368164 	 20.374360 
  908.479980 	 -855.719971 	 0.000000 	 0.459100 	 -0.375977 	 20.464115 
  908.479980 	 -778.455017 	 0.000000 	 0.506900 	 -0.378906 	 20.374360 
  908.479980 	 -701.625000 	 0.000000 	 0.556600 	 -0.375977 	 20.374360 
  908.479980 	 -624.265015 	 0.000000 	 0.610000 	 -0.373047 	 20.374360 
  908.479980 	 -547.414978 	 0.000000 	 0.671900 	 -0.368164 	 20.284605 
  908.479980 	 -470.049988 	 0.000000 	 0.735000 	 -0.363281 	 20.374360 
  908.479980 	 -393.179993 	 0.000000 	 0.792500 	 -0.359375 	 20.284605 
  908.479980 	 -315.739990 	 0.000000 	 0.855000 	 -0.356445 	 20.374360 
  998.539978 	 -315.739990 	 0.000000 	 0.861600 	 -0.370117 	 20.374360 
  998.539978 	 -391.970001 	 0.000000 	 0.807500 	 -0.376953 	 20.374360 
  998.539978 	 -468.864990 	 0.005000 	 0.747500 	 -0.378906 	 20.374360 
  998.539978 	 -546.169983 	 0.000000 	 0.683600 	 -0.375977 	 20.284605 
  998.544983 	 -623.020020 	 0.000000 	 0.623600 	 -0.370117 	 20.374360 
  998.544983 	 -700.255005 	 0.000000 	 0.566900 	 -0.367188 	 20.374360 
  998.544983 	 -777.229980 	 0.000000 	 0.516600 	 -0.362305 	 20.284605 
  998.544983 	 -854.344971 	 0.000000 	 0.466100 	 -0.357422 	 20.374360 
  998.549988 	 -931.390015 	 0.000000 	 0.421600 	 -0.362305 	 20.374360 
  998.549988 	 -1008.575012 	 0.000000 	 0.380000 	 -0.372070 	 20.284605 
  998.549988 	 -1085.655029 	 0.000000 	 0.339100 	 -0.378906 	 20.284605 
  1088.875000 	 -1048.334961 	 0.000000 	 0.386900 	 -0.377930 	 20.284605 
  1088.875000 	 -971.044983 	 0.000000 	 0.420000 	 -0.374023 	 20.194850 
  1088.875000 	 -894.174988 	 0.000000 	 0.460000 	 -0.368164 	 20.284605 
  1088.875000 	 -816.924988 	 0.000000 	 0.515000 	 -0.365234 	 20.284605 
  1088.875000 	 -740.025024 	 0.000000 	 0.570000 	 -0.360352 	 20.105095 
  1088.875000 	 -662.825012 	 0.000000 	 0.619100 	 -0.355469 	 20.015341 
  1088.875000 	 -585.815002 	 0.000000 	 0.671900 	 -0.368164 	 20.194850 
  1088.875000 	 -508.714996 	 0.000000 	 0.736600 	 -0.375977 	 20.194850 
  1088.875000 	 -431.649994 	 0.005000 	 0.797500 	 -0.379883 	 20.374360 
  1088.875000 	 -354.415009 	 0.000000 	 0.852500 	 -0.376953 	 20.374360 
  1178.824951 	 -354.415009 	 0.000000 	 0.851100 	 -0.373047 	 20.284605 
  1178.824951 	 -430.454987 	 0.005000 	 0.788100 	 -0.368164 	 20.374360 
  1178.829956 	 -507.385010 	 0.000000 	 0.725000 	 -0.363281 	 20.284605 
  1178.829956 	 -584.599976 	 0.000000 	 0.663600 	 -0.358398 	 20.374360 
  1178.829956 	 -661.500000 	 0.000000 	 0.608100 	 -0.358398 	 20.284605 
  1178.829956 	 -738.780029 	 0.000000 	 0.561100 	 -0.371094 	 20.374360 
  1178.829956 	 -815.715027 	 0.000000 	 0.515000 	 -0.378906 	 20.374360 
  1178.834961 	 -892.950012 	 0.000000 	 0.465000 	 -0.378906 	 20.284605 
  1178.834961 	 -969.940002 	 0.000000 	 0.420000 	 -0.375977 	 20.284605 
  1178.834961 	 -1047.180054 	 0.000000 	 0.373600 	 -0.371094 	 20.374360 
  1269.025024 	 -1009.784973 	 0.000000 	 0.389100 	 -0.366211 	 20.284605 
  1269.025024 	 -932.609985 	 0.000000 	 0.437500 	 -0.361328 	 20.284605 
  1269.025024 	 -855.739990 	 0.000000 	 0.479100 	 -0.356445 	 20.284605 
  1269.025024 	 -778.500000 	 0.000000 	 0.523600 	 -0.364258 	 20.284605 
  1269.025024 	 -701.659973 	 0.000000 	 0.569100 	 -0.374023 	 20.284605 
  1269.025024 	 -624.299988 	 0.000000 	 0.623600 	 -0.379883 	 20.194850 
  1269.025024 	 -547.474976 	 0.000000 	 0.677500 	 -0.378906 	 20.194850 
  1269.025024 	 -470.100006 	 0.005000 	 0.739100 	 -0.374023 	 20.284605 
  1269.025024 	 -393.220001 	 0.005000 	 0.801600 	 -0.369141 	 20.284605 
  1359.119995 	 -393.220001 	 0.005000 	 0.789100 	 -0.364258 	 20.194850 
  1359.125000 	 -468.899994 	 0.005000 	 0.726100 	 -0.359375 	 20.284605 
  1359.125000 	 -546.215027 	 0.000000 	 0.675000 	 -0.355469 	 20.284605 
  1359.125000 	 -623.054993 	 0.000000 	 0.613600 	 -0.368164 	 20.194850 
  1359.130005 	 -700.289978 	 0.000000 	 0.561100 	 -0.375977 	 20.284605 
  1359.130005 	 -777.265015 	 0.000000 	 0.520000 	 -0.379883 	 20.284605 
  1359.130005 	 -854.380005 	 0.000000 	 0.469100 	 -0.376953 	 20.284605 
  1359.130005 	 -931.424988 	 0.000000 	 0.429100 	 -0.373047 	 20.284605 
  1359.130005 	 -1008.599976 	 0.000000 	 0.389200 	 -0.369141 	 20.194850 
  1449.285034 	 -1008.599976 	 0.000000 	 0.399100 	 -0.363281 	 20.105095 
  1449.285034 	 -932.604980 	 0.000000 	 0.450000 	 -0.359375 	 20.194850 
  1449.285034 	 -855.739990 	 0.000000 	 0.479100 	 -0.357422 	 20.105095 
  1449.285034 	 -778.494995 	 0.000000 	 0.528100 	 -0.370117 	 20.194850 
  1449.285034 	 -701.650024 	 0.000000 	 0.571900 	 -0.377930 	 20.284605 
  1449.285034 	 -624.294983 	 0.000000 	 0.619100 	 -0.380859 	 20.105095 
  1449.285034 	 -547.455017 	 0.000000 	 0.673600 	 -0.375977 	 20.284605 
  1449.285034 	 -470.095001 	 0.005000 	 0.733600 	 -0.372070 	 20.194850 
  1449.285034 	 -393.225006 	 0.005000 	 0.791100 	 -0.367188 	 20.194850 
  1539.329956 	 -430.480011 	 0.005000 	 0.783600 	 -0.361328 	 20.374360 
  1539.329956 	 -507.380005 	 0.005000 	 0.721100 	 -0.356445 	 20.194850 
  1539.329956 	 -584.599976 	 0.000000 	 0.666900 	 -0.367188 	 20.284605 
  1539.329956 	 -661.500000 	 0.000000 	 0.611900 	 -0.375977 	 20.194850 
  1539.334961 	 -738.775024 	 0.000000 	 0.570000 	 -0.379883 	 20.284605 
  1539.334961 	 -815.695007 	 0.000000 	 0.526100 	 -0.378906 	 20.284605 
  1539.334961 	 -892.955017 	 0.000000 	 0.473600 	 -0.375977 	 20.194850 
  1539.334961 	 -969.945007 	 0.000000 	 0.436600 	 -0.370117 	 20.284605 
  1629.324951 	 -969.945007 	 0.000000 	 0.412500 	 -0.366211 	 20.284605 
  1629.324951 	 -894.164978 	 0.000000 	 0.446900 	 -0.360352 	 20.284605 
  1629.329956 	 -816.934998 	 0.000000 	 0.505000 	 -0.355469 	 20.194850 
  1629.329956 	 -740.015015 	 0.000000 	 0.540000 	 -0.367188 	 20.194850 
  1629.329956 	 -662.844971 	 0.000000 	 0.583600 	 -0.375977 	 20.284605 
  1629.329956 	 -585.809998 	 0.000000 	 0.639100 	 -0.380859 	 20.284605 
  1629.329956 	 -508.720001 	 0.005000 	 0.690000 	 -0.378906 	 20.284605 
  1629.329956 	 -431.649994 	 0.005000 	 0.755000 	 -0.373047 	 20.284605 
  1719.540039 	 -431.649994 	 0.005000 	 0.737500 	 -0.368164 	 20.284605 
  1719.545044 	 -507.380005 	 0.005000 	 0.673600 	 -0.364258 	 20.194850 
  1719.545044 	 -584.594971 	 0.000000 	 0.623600 	 -0.359375 	 20.284605 
  1719.550049 	 -661.494995 	 0.000000 	 0.571100 	 -0.357422 	 20.284605 
  1719.550049 	 -738.770020 	 0.000000 	 0.521600 	 -0.370117 	 20.194850 
  1719.550049 	 -815.710022 	 0.000000 	 0.462500 	 -0.376953 	 20.194850 
  1719.550049 	 -892.960022 	 0.000000 	 0.419100 	 -0.380859 	 20.194850 
  1719.550049 	 -969.950012 	 0.000000 	 0.386100 	 -0.377930 	 20.284605 
  1809.609985 	 -932.565002 	 0.000000 	 0.383600 	 -0.372070 	 20.194850 
  1809.609985 	 -855.729980 	 0.000000 	 0.428100 	 -0.366211 	 20.194850 
  1809.609985 	 -778.494995 	 0.000000 	 0.483600 	 -0.363281 	 20.194850 
  1809.609985 	 -701.655029 	 0.000000 	 0.531100 	 -0.357422 	 20.194850 
  1809.609985 	 -624.299988 	 0.000000 	 0.576600 	 -0.363281 	 20.194850 
  1809.609985 	 -547.474976 	 0.000000 	 0.630000 	 -0.375000 	 20.284605 
  1809.609985 	 -470.089996 	 0.005000 	 0.680000 	 -0.379883 	 20.105095 
  1899.785034 	 -470.089996 	 0.005000 	 0.699100 	 -0.378906 	 20.284605 
  1899.785034 	 -546.219971 	 0.000000 	 0.627500 	 -0.375000 	 20.194850 
  1899.785034 	 -623.039978 	 0.000000 	 0.572500 	 -0.370117 	 20.284605 
  1899.785034 	 -700.294983 	 0.000000 	 0.523600 	 -0.366211 	 20.284605 
  1899.785034 	 -777.255005 	 0.000000 	 0.481600 	 -0.361328 	 20.194850 
  1899.790039 	 -854.380005 	 0.000000 	 0.433600 	 -0.355469 	 20.284605 
  1899.790039 	 -931.429993 	 0.000000 	 0.396600 	 -0.368164 	 20.284605 
  1989.790039 	 -894.145020 	 0.000000 	 0.525000 	 -0.378906 	 20.284605 
  1989.790039 	 -816.965027 	 0.000000 	 0.563600 	 -0.381836 	 20.284605 
  1989.790039 	 -740.054993 	 0.000000 	 0.601600 	 -0.376953 	 20.374360 
  1989.790039 	 -662.890015 	 0.000000 	 0.667500 	 -0.373047 	 20.284605 
  1989.790039 	 -585.859985 	 0.000000 	 0.701600 	 -0.368164 	 20.284605 
  1989.790039 	 -508.760010 	 0.005000 	 0.759100 	 -0.364258 	 20.284605 
  2079.814941 	 -508.760010 	 0.005000 	 0.629100 	 -0.359375 	 20.284605 
  2079.814941 	 -584.630005 	 0.000000 	 0.566900 	 -0.360352 	 20.374360 
  2079.814941 	 -661.534973 	 0.000000 	 0.515000 	 -0.373047 	 20.284605 
  2079.820068 	 -738.794983 	 0.000000 	 0.480000 	 -0.377930 	 20.284605 
  2079.820068 	 -815.734985 	 0.000000 	 0.430800 	 -0.379883 	 20.464115 
  2079.820068 	 -892.994995 	 0.000000 	 0.382500 	 -0.375977 	 20.284605 
  2169.995117 	 -892.994995 	 0.000000 	 0.340000 	 -0.373047 	 20.284605 
  2169.995117 	 -816.965027 	 0.000000 	 0.395000 	 -0.367188 	 20.284605 
  2169.995117 	 -740.070007 	 0.000000 	 0.425000 	 -0.363281 	 20.464115 
  2169.995117 	 -662.885010 	 0.000000 	 0.469100 	 -0.357422 	 20.284605 
  2169.995117 	 -585.859985 	 0.000000 	 0.510800 	 -0.365234 	 20.374360 
  2169.995117 	 -508.755005 	 0.000000 	 0.619100 	 -0.375000 	 20.374360 
  2260.034912 	 -546.224976 	 0.000000 	 0.522500 	 -0.380859 	 20.284605 
  2260.034912 	 -623.039978 	 0.000000 	 0.456600 	 -0.377930 	 20.374360 
  2260.034912 	 -700.284973 	 0.000000 	 0.409100 	 -0.375000 	 20.464115 
  2260.040039 	 -777.265015 	 0.000000 	 0.363600 	 -0.370117 	 20.464115 
  2260.040039 	 -854.380005 	 0.000000 	 0.325000 	 -0.365234 	 20.374360 
  2350.260010 	 -854.380005 	 0.000000 	 0.311100 	 -0.361328 	 20.374360 
  2350.264893 	 -778.494995 	 0.000000 	 0.347500 	 -0.355469 	 20.374360 
  2350.264893 	 -701.664978 	 0.000000 	 0.390000 	 -0.369141 	 20.464115 
  2350.264893 	 -624.304993 	 0.000000 	 0.437500 	 -0.376953 	 20.464115 
  2350.264893 	 -547.474976 	 0.000000 	 0.528100 	 -0.380859 	 20.464115 
