  327.734985 	 -212.085007 	 -0.005000 	 0.038892 	 -0.008789 	 19.708807 
  327.734985 	 -312.119995 	 0.000000 	 0.038892 	 -0.007812 	 19.708807 
  327.739990 	 -412.399994 	 0.000000 	 0.034670 	 -0.007812 	 19.620028 
  327.739990 	 -512.380005 	 0.000000 	 0.032559 	 -0.007812 	 19.708807 
  327.739990 	 -612.534973 	 -0.005000 	 0.030449 	 -0.007812 	 19.620028 
  327.739990 	 -712.854980 	 -0.005000 	 0.007229 	 -0.008789 	 19.708807 
  327.739990 	 -812.710022 	 -0.005000 	 0.013562 	 -0.007812 	 19.797585 
  327.739990 	 -912.924988 	 -0.005000 	 -0.005436 	 -0.007812 	 19.708807 
  327.739990 	 -1013.080017 	 -0.005000 	 -0.009658 	 -0.007812 	 19.708807 
  327.744995 	 -1113.119995 	 0.000000 	 -0.045543 	 -0.008789 	 19.708807 
  327.744995 	 -1213.334961 	 0.000000 	 -0.015991 	 -0.007812 	 19.708807 
  427.899994 	 -1164.425049 	 0.000000 	 -0.015991 	 -0.007812 	 19.708807 
  427.899994 	 -1064.229980 	 0.000000 	 -0.013880 	 -0.008789 	 19.797585 
  427.899994 	 -963.994995 	 -0.005000 	 -0.005436 	 -0.008789 	 19.620028 
  427.899994 	 -864.219971 	 -0.005000 	 0.000896 	 -0.007812 	 19.708807 
  427.899994 	 -763.905029 	 -0.005000 	 0.013562 	 -0.007812 	 19.708807 
  427.899994 	 -663.815002 	 -0.005000 	 0.017783 	 -0.008789 	 19.708807 
  427.899994 	 -563.909973 	 -0.005000 	 0.028338 	 -0.007812 	 19.708807 
  427.899994 	 -463.575012 	 0.000000 	 0.032559 	 -0.008789 	 19.708807 
  427.899994 	 -363.494995 	 0.000000 	 0.034670 	 -0.007812 	 19.620028 
  427.899994 	 -263.325012 	 0.000000 	 0.038892 	 -0.008789 	 19.708807 
  527.770020 	 -263.325012 	 0.000000 	 0.041003 	 -0.007812 	 19.708807 
  527.770020 	 -362.230011 	 0.000000 	 0.038892 	 -0.007812 	 19.797585 
  527.770020 	 -462.410004 	 0.000000 	 0.034670 	 -0.007812 	 19.708807 
  527.775024 	 -562.604980 	 0.000000 	 0.030449 	 -0.007812 	 19.708807 
  527.775024 	 -662.494995 	 -0.005000 	 0.017783 	 -0.007812 	 19.708807 
  527.775024 	 -762.799988 	 -0.005000 	 0.013562 	 -0.007812 	 19.620028 
  527.775024 	 -863.020020 	 -0.005000 	 0.000896 	 -0.007812 	 19.708807 
  527.775024 	 -962.895020 	 -0.005000 	 -0.007547 	 -0.006836 	 19.708807 
  527.780029 	 -1063.180054 	 0.000000 	 -0.032878 	 -0.008789 	 19.708807 
  527.780029 	 -1163.165039 	 0.000000 	 -0.018102 	 -0.008789 	 19.708807 
  628.109985 	 -1114.145020 	 0.000000 	 -0.024434 	 -0.007812 	 19.708807 
  628.109985 	 -1014.364990 	 0.000000 	 0.011769 	 -0.008789 	 19.708807 
  628.109985 	 -914.025024 	 -0.005000 	 -0.151087 	 -0.007812 	 19.708807 
  628.109985 	 -813.885010 	 -0.005000 	 0.013562 	 -0.008789 	 19.708807 
  628.109985 	 -714.059998 	 -0.005000 	 0.000896 	 -0.007812 	 19.708807 
  628.109985 	 -613.770020 	 -0.005000 	 0.026227 	 -0.008789 	 19.708807 
  628.109985 	 -513.729980 	 0.000000 	 -0.018102 	 -0.007812 	 19.708807 
  628.109985 	 -413.640015 	 0.000000 	 0.036781 	 -0.007812 	 19.708807 
  628.109985 	 -313.269989 	 0.000000 	 0.034670 	 -0.008789 	 19.708807 
  728.090027 	 -313.269989 	 0.000000 	 -0.039210 	 -0.007812 	 19.708807 
  728.090027 	 -412.415009 	 0.000000 	 0.034670 	 -0.008789 	 19.708807 
  728.090027 	 -512.395020 	 0.000000 	 0.026227 	 -0.008789 	 19.708807 
  728.094971 	 -612.549988 	 -0.005000 	 0.031769 	 -0.008789 	 19.708807 
  728.094971 	 -712.864990 	 -0.005000 	 0.015942 	 -0.007812 	 19.708807 
  728.094971 	 -812.705017 	 -0.005000 	 0.018988 	 -0.008789 	 19.708807 
  728.094971 	 -912.934998 	 -0.005000 	 0.05649 	 -0.008789 	 19.708807 
  728.094971 	 -1013.104980 	 -0.005000 	 0.005820 	 -0.007812 	 19.797585 
  728.094971 	 -1113.130005 	 0.000000 	 -0.001004 	 -0.007812 	 19.708807 
  828.195007 	 -1113.130005 	 0.000000 	 -0.020212 	 -0.008789 	 19.620028 
  828.195007 	 -1014.349976 	 0.000000 	 -0.013880 	 -0.008789 	 19.708807 
  828.200012 	 -914.034973 	 -0.005000 	 -0.007547 	 -0.008789 	 19.708807 
  828.200012 	 -813.875000 	 -0.005000 	 0.011451 	 -0.008789 	 19.708807 
  828.200012 	 -714.065002 	 -0.005000 	 0.009340 	 -0.008789 	 19.708807 
  828.200012 	 -613.775024 	 -0.005000 	 0.026227 	 -0.008789 	 19.708807 
  828.200012 	 -513.724976 	 0.000000 	 0.034670 	 -0.008789 	 19.708807 
  828.200012 	 -413.649994 	 0.000000 	 0.038892 	 -0.008789 	 19.708807 
  828.200012 	 -313.250000 	 0.000000 	 0.038892 	 -0.008789 	 19.708807 
  928.270020 	 -362.299988 	 0.000000 	 0.041003 	 -0.007812 	 19.708807 
  928.270020 	 -462.404999 	 0.000000 	 0.041003 	 -0.007812 	 19.708807 
  928.275024 	 -562.614990 	 0.000000 	 0.036781 	 -0.007812 	 19.708807 
  928.275024 	 -662.494995 	 -0.005000 	 0.028338 	 -0.007812 	 19.708807 
  928.275024 	 -762.794983 	 -0.005000 	 0.019894 	 -0.007812 	 19.708807 
  928.275024 	 -863.020020 	 -0.005000 	 0.009340 	 -0.009766 	 19.708807 
  928.275024 	 -962.895020 	 -0.005000 	 -0.003325 	 -0.007812 	 19.708807 
  928.275024 	 -1063.189941 	 0.000000 	 -0.015991 	 -0.007812 	 19.708807 
  1028.525024 	 -1063.189941 	 0.000000 	 -0.020212 	 -0.007812 	 19.708807 
  1028.525024 	 -963.989990 	 -0.005000 	 -0.007547 	 -0.008789 	 19.708807 
  1028.525024 	 -864.215027 	 -0.005000 	 0.003007 	 -0.007812 	 19.708807 
  1028.525024 	 -763.900024 	 -0.005000 	 0.013562 	 -0.007812 	 19.708807 
  1028.525024 	 -663.794983 	 -0.005000 	 0.022005 	 -0.009766 	 19.797585 
  1028.525024 	 -563.905029 	 0.000000 	 0.030449 	 -0.008789 	 19.708807 
  1028.525024 	 -463.579987 	 0.000000 	 0.038892 	 -0.008789 	 19.708807 
  1028.520020 	 -363.505005 	 0.000000 	 0.036781 	 -0.007812 	 19.708807 
  1128.599976 	 -363.505005 	 0.000000 	 0.045225 	 -0.008789 	 19.797585 
  1128.604980 	 -462.410004 	 0.000000 	 0.041003 	 -0.008789 	 19.708807 
  1128.604980 	 -562.609985 	 0.000000 	 0.032559 	 -0.008789 	 19.708807 
  1128.604980 	 -662.494995 	 -0.005000 	 0.024116 	 -0.007812 	 19.708807 
  1128.604980 	 -762.799988 	 -0.005000 	 0.017783 	 -0.008789 	 19.708807 
  1128.609985 	 -863.020020 	 -0.005000 	 0.005118 	 -0.007812 	 19.708807 
  1128.609985 	 -962.890015 	 -0.005000 	 -0.005436 	 -0.008789 	 19.708807 
  1128.609985 	 -1063.185059 	 0.000000 	 -0.011769 	 -0.008789 	 19.708807 
  1228.795044 	 -1014.309998 	 0.000000 	 -0.005991 	 -0.007812 	 19.708807 
  1228.795044 	 -914.034973 	 -0.005000 	 -0.129978 	 -0.007812 	 19.708807 
  1228.795044 	 -813.880005 	 -0.005000 	 0.011451 	 -0.006836 	 19.708807 
  1228.795044 	 -714.054993 	 -0.005000 	 -0.032878 	 -0.007812 	 19.708807 
  1228.795044 	 -613.784973 	 -0.005000 	 0.022005 	 -0.007812 	 19.708807 
  1228.795044 	 -513.724976 	 0.000000 	 0.026227 	 -0.007812 	 19.708807 
  1228.790039 	 -413.649994 	 0.000000 	 0.038892 	 -0.007812 	 19.708807 
  1328.805054 	 -413.649994 	 0.000000 	 0.041003 	 -0.008789 	 19.708807 
  1328.805054 	 -512.390015 	 0.000000 	 0.032559 	 -0.008789 	 19.708807 
  1328.805054 	 -612.539978 	 -0.005000 	 0.022005 	 -0.007812 	 19.708807 
  1328.810059 	 -712.854980 	 -0.005000 	 0.011451 	 -0.008789 	 19.708807 
  1328.810059 	 -812.705017 	 -0.005000 	 0.007229 	 -0.007812 	 19.708807 
  1328.810059 	 -912.924988 	 -0.005000 	 -0.007547 	 -0.008789 	 19.708807 
  1328.810059 	 -1013.104980 	 -0.005000 	 -0.013880 	 -0.008789 	 19.708807 
  1429.165039 	 -964.020020 	 -0.005000 	 -0.007547 	 -0.008789 	 19.620028 
  1429.170044 	 -864.215027 	 -0.005000 	 0.005118 	 -0.008789 	 19.708807 
  1429.170044 	 -763.905029 	 -0.005000 	 0.015672 	 -0.007812 	 19.708807 
  1429.170044 	 -663.799988 	 -0.005000 	 0.026227 	 -0.007812 	 19.708807 
  1429.170044 	 -563.895020 	 0.000000 	 0.032559 	 -0.008789 	 19.708807 
  1429.170044 	 -463.579987 	 0.000000 	 0.043114 	 -0.007812 	 19.708807 
  1529.114990 	 -463.579987 	 0.000000 	 0.041003 	 -0.007812 	 19.620028 
  1529.114990 	 -562.614990 	 -0.005000 	 0.036781 	 -0.007812 	 19.708807 
  1529.114990 	 -662.489990 	 -0.005000 	 0.019894 	 -0.008789 	 19.708807 
  1529.119995 	 -762.794983 	 -0.005000 	 0.013562 	 -0.008789 	 19.708807 
  1529.119995 	 -863.020020 	 -0.005000 	 0.007229 	 -0.008789 	 19.708807 
  1529.119995 	 -962.885010 	 -0.005000 	 -0.003325 	 -0.007812 	 19.708807 
  1629.175049 	 -962.885010 	 -0.005000 	 -0.001215 	 -0.007812 	 19.708807 
  1629.175049 	 -864.219971 	 -0.005000 	 0.007229 	 -0.009766 	 19.708807 
  1629.175049 	 -763.909973 	 -0.005000 	 0.017783 	 -0.007812 	 19.708807 
  1629.180054 	 -663.804993 	 -0.005000 	 0.030449 	 -0.008789 	 19.708807 
  1629.180054 	 -563.895020 	 0.000000 	 0.038892 	 -0.007812 	 19.708807 
  1629.180054 	 -463.579987 	 0.000000 	 0.041003 	 -0.007812 	 19.708807 
  1729.395020 	 -512.469971 	 0.000000 	 0.043114 	 -0.008789 	 19.708807 
  1729.395020 	 -612.534973 	 -0.005000 	 0.036781 	 -0.009766 	 19.708807 
  1729.395020 	 -712.864990 	 -0.005000 	 0.024116 	 -0.007812 	 19.708807 
  1729.395020 	 -812.700012 	 -0.005000 	 0.017783 	 -0.007812 	 19.708807 
  1729.395020 	 -912.919983 	 -0.005000 	 0.005118 	 -0.008789 	 19.708807 
  1829.510010 	 -912.919983 	 -0.005000 	 -0.001215 	 -0.008789 	 19.708807 
  1829.510010 	 -813.869995 	 -0.005000 	 0.009340 	 -0.008789 	 19.620028 
  1829.510010 	 -714.059998 	 -0.005000 	 0.019894 	 -0.007812 	 19.620028 
  1829.510010 	 -613.789978 	 -0.005000 	 0.024116 	 -0.008789 	 19.708807 
  1829.510010 	 -513.724976 	 0.000000 	 0.036781 	 -0.008789 	 19.708807 
  1929.555054 	 -513.724976 	 0.000000 	 0.013562 	 -0.008789 	 19.708807 
  1929.555054 	 -612.534973 	 -0.005000 	 0.032559 	 -0.008789 	 19.708807 
  1929.560059 	 -712.864990 	 -0.005000 	 -0.041321 	 -0.007812 	 19.708807 
  1929.560059 	 -812.705017 	 -0.005000 	 0.019894 	 -0.008789 	 19.797585 
  1929.560059 	 -912.914978 	 -0.005000 	 -0.110980 	 -0.008789 	 19.708807 
  2029.675049 	 -864.219971 	 -0.005000 	 0.009340 	 -0.008789 	 19.708807 
  2029.675049 	 -763.900024 	 -0.005000 	 0.005118 	 -0.007812 	 19.708807 
  2029.680054 	 -663.799988 	 -0.005000 	 0.013562 	 -0.008789 	 19.708807 
  2029.680054 	 -563.900024 	 -0.005000 	 0.030449 	 -0.008789 	 19.708807 
  2129.709961 	 -563.900024 	 0.000000 	 0.045225 	 -0.008789 	 19.708807 
  2129.715088 	 -662.494995 	 -0.005000 	 0.024116 	 -0.007812 	 19.708807 
  2129.715088 	 -762.799988 	 -0.005000 	 0.017783 	 -0.007812 	 19.620028 
  2129.719971 	 -863.015015 	 -0.005000 	 0.019894 	 -0.008789 	 19.708807 
  2229.965088 	 -813.895020 	 -0.005000 	 0.030449 	 -0.007812 	 19.708807 
  2229.965088 	 -714.049988 	 -0.005000 	 0.030449 	 -0.006836 	 19.708807 
  2229.965088 	 -613.789978 	 -0.005000 	 0.038892 	 -0.008789 	 19.708807 
  2330.084961 	 -613.789978 	 -0.005000 	 0.045225 	 -0.007812 	 19.708807 
  2330.084961 	 -712.875000 	 -0.005000 	 0.026227 	 -0.008789 	 19.708807 
  2330.084961 	 -812.705017 	 -0.005000 	 0.032559 	 -0.008789 	 19.708807 
  2430.175049 	 -812.705017 	 -0.005000 	 0.026227 	 -0.008789 	 19.708807 
  2430.175049 	 -714.054993 	 -0.005000 	 0.039896 	 -0.008789 	 19.708807 
  2430.175049 	 -613.794983 	 -0.005000 	 0.041003 	 -0.008789 	 19.708807 
