  time  	 temp_tab_dw  	 temp_tab_up  	 temp_pl1  	 temp_pl2  	 temp_pl3  	 temp_amb_pc  	 temp_amb_door  	 rh_amb_pc  	 rh_amb_door  	 press_amb  	 press_diff  
 00:11:14 	 20.516135 	  20.968905 	 20.699241  	 20.722545  	 21.271862  	 21.982269  	 21.998749  	 57.197571  	 54.173584  	 -0.000439  	 39.678510   
 00:41:14 	 20.606024 	  20.982222 	 20.775812  	 20.732533  	 21.351762  	 22.086639  	 22.086639  	 56.019287  	 53.020020  	 -0.000220  	 39.632880   
 01:11:14 	 20.625999 	  21.002197 	 20.772483  	 20.789129  	 21.351762  	 22.152557  	 22.152557  	 55.557861  	 52.536621  	 -0.000439  	 39.758363   
 01:41:14 	 20.402111 	  21.002197 	 20.775812  	 20.725874  	 21.301824  	 22.015228  	 22.163544  	 55.008545  	 51.657715  	 -0.000549  	 39.649992   
 02:11:14 	 19.972645 	  20.935613 	 20.616011  	 20.579390  	 21.142023  	 21.251678  	 21.559296  	 55.909424  	 51.877441  	 -0.000439  	 39.353397   
 02:41:14 	 20.378806 	  20.942272 	 20.685924  	 20.599365  	 21.211936  	 21.559296  	 21.702118  	 54.569092  	 51.284180  	 -0.000549  	 39.570139   
 03:11:14 	 20.418757 	  20.955589 	 20.669278  	 20.649303  	 21.208607  	 21.757050  	 21.784515  	 52.481689  	 49.361572  	 -0.000330  	 39.615769   
 03:41:14 	 20.479514 	  20.968905 	 20.729204  	 20.682595  	 21.191961  	 21.866913  	 21.894379  	 51.866455  	 48.790283  	 -0.000549  	 39.718436   
 04:11:14 	 20.569403 	  20.985551 	 20.735862  	 20.715887  	 21.268532  	 21.932831  	 22.015228  	 51.921387  	 48.724365  	 -0.000439  	 39.655695   
 04:41:14 	 20.635986 	  21.005526 	 20.799117  	 20.729204  	 21.338445  	 22.053680  	 22.125092  	 50.789795  	 47.702637  	 -0.000330  	 39.707029   
 05:11:14 	 20.675937 	  21.018843 	 20.805775  	 20.809104  	 21.331787  	 22.108612  	 22.158051  	 49.251709  	 46.109619  	 -0.000439  	 39.707029   
 05:41:14 	 20.055875 	  20.968905 	 20.679266  	 20.606024  	 21.175315  	 21.586761  	 21.811981  	 49.910889  	 46.219482  	 -0.000330  	 39.667103   
 06:11:14 	 20.392123 	  20.962247 	 20.712558  	 20.629328  	 21.191961  	 21.367035  	 21.669159  	 50.460205  	 46.724854  	 -0.000439  	 39.501694   
 06:41:14 	 20.472856 	  20.975564 	 20.712558  	 20.649303  	 21.278520  	 21.729584  	 21.817474  	 49.317627  	 46.032715  	 -0.000549  	 39.524509   
 07:11:14 	 20.506148 	  20.985551 	 20.729204  	 20.692583  	 21.288508  	 21.943817  	 21.954803  	 49.284668  	 46.098633  	 -0.000330  	 39.701325   
 07:41:14 	 20.572732 	  21.005526 	 20.759166  	 20.715887  	 21.298495  	 21.927338  	 21.982269  	 50.811768  	 47.581787  	 -0.000330  	 39.558732   
 08:11:14 	 20.639316 	  21.018843 	 20.795787  	 20.782471  	 21.335116  	 22.064667  	 22.108612  	 49.559326  	 46.483154  	 -0.000549  	 39.524509   
 08:41:14 	 20.559415 	  21.038818 	 20.792458  	 20.762496  	 21.351762  	 22.136078  	 22.185516  	 47.823486  	 44.634705  	 -0.000549  	 39.513102   
 09:11:14 	 19.992620 	  20.942272 	 20.639316  	 20.559415  	 21.161998  	 21.152802  	 21.493378  	 50.317383  	 46.406250  	 -0.000439  	 39.313471   
 09:41:14 	 20.442061 	  20.975564 	 20.712558  	 20.655961  	 21.198619  	 21.658173  	 21.779022  	 49.866943  	 46.593018  	 -0.000330  	 39.450361   
 10:11:14 	 20.489502 	  20.985551 	 20.735862  	 20.682595  	 21.281849  	 21.784515  	 21.866913  	 50.240479  	 47.076416  	 -0.000330  	 39.205100   
 10:41:14 	 20.532781 	  20.995539 	 20.792458  	 20.705899  	 21.315141  	 21.998749  	 21.932831  	 50.723877  	 47.702637  	 -0.000330  	 39.438953   
 11:11:14 	 20.629328 	  21.018843 	 20.782471  	 20.755837  	 21.308483  	 21.971283  	 22.064667  	 50.086670  	 47.021484  	 -0.000330  	 39.661399   
 11:41:14 	 20.506148 	  21.018843 	 20.799117  	 20.732533  	 21.321800  	 21.943817  	 22.042694  	 48.790283  	 45.571289  	 -0.000439  	 39.279249   
 12:11:14 	 20.492831 	  21.012185 	 20.745850  	 20.729204  	 21.328458  	 21.850433  	 21.949310  	 48.889160  	 45.736084  	 -0.000439  	 39.199397   
 12:41:14 	 20.516135 	  21.028831 	 20.742520  	 20.732533  	 21.348433  	 21.877899  	 21.987762  	 50.031738  	 46.768799  	 -0.000330  	 39.387620   
 13:11:14 	 20.622670 	  21.035489 	 20.785800  	 20.765825  	 21.361750  	 22.026215  	 22.086639  	 44.206238  	 41.668396  	 -0.000439  	 39.393324   
 13:41:14 	 20.539440 	  21.048806 	 20.845725  	 20.775812  	 21.348433  	 22.070160  	 22.152557  	 41.745300  	 38.372498  	 -0.000439  	 39.336286   
 14:11:14 	 20.516135 	  21.052135 	 20.849055  	 20.755837  	 21.395042  	 21.910858  	 22.086639  	 39.394226  	 36.098328  	 -0.000439  	 39.256434   
 14:41:14 	 20.586048 	  21.058794 	 20.839067  	 20.822421  	 21.338445  	 21.965790  	 22.086639  	 38.306580  	 35.208435  	 -0.000330  	 39.353397   
 15:11:14 	 20.639316 	  21.078769 	 20.869030  	 20.785800  	 21.415017  	 22.136078  	 22.196503  	 39.515076  	 36.307068  	 -0.000549  	 39.108137   
 15:41:14 	 20.092496 	  21.028831 	 20.765825  	 20.669278  	 21.311812  	 21.542816  	 21.828461  	 39.866638  	 36.208191  	 -0.000330  	 38.788728   
 16:11:14 	 20.308893 	  21.002197 	 20.709229  	 20.662620  	 21.251887  	 21.279144  	 21.636200  	 40.361023  	 36.570740  	 -0.000330  	 38.879987   
 16:41:14 	 20.418757 	  21.015514 	 20.765825  	 20.702570  	 21.301824  	 21.740570  	 21.883392  	 39.251404  	 36.109314  	 -0.000659  	 39.051099   
 17:11:14 	 20.549427 	  21.048806 	 20.815763  	 20.772483  	 21.351762  	 21.916351  	 22.026215  	 37.317810  	 34.362488  	 -0.000549  	 39.119544   
 17:41:14 	 20.669278 	  21.075439 	 20.845725  	 20.872359  	 21.411688  	 22.180023  	 22.207489  	 36.526794  	 33.469849  	 -0.000330  	 39.256434   
 18:11:14 	 20.065862 	  21.018843 	 20.749179  	 20.669278  	 21.321800  	 21.504364  	 21.800995  	 38.570251  	 34.615173  	 -0.000439  	 38.908506   
 18:41:14 	 20.119130 	  20.982222 	 20.669278  	 20.602694  	 21.218595  	 21.191254  	 21.493378  	 43.294373  	 39.339294  	 -0.000439  	 39.187989   
 19:11:14 	 20.522794 	  21.015514 	 20.792458  	 20.735862  	 21.321800  	 21.866913  	 21.877899  	 40.437927  	 37.460632  	 -0.000549  	 39.153767   
 19:41:14 	 20.655961 	  21.055464 	 20.785800  	 20.842396  	 21.385054  	 22.114105  	 22.119598  	 39.690857  	 36.537781  	 -0.000220  	 39.473176   
 20:11:14 	 20.262285 	  21.018843 	 20.739191  	 20.729204  	 21.295166  	 21.784515  	 21.954803  	 41.811218  	 38.240662  	 -0.000439  	 39.290656   
 20:41:14 	 20.022583 	  20.982222 	 20.715887  	 20.599365  	 21.251887  	 21.317596  	 21.592255  	 44.535828  	 40.811462  	 -0.000439  	 39.091026   
 21:11:14 	 20.472856 	  21.002197 	 20.729204  	 20.679266  	 21.321800  	 21.696625  	 21.839447  	 46.054688  	 42.602234  	 -0.000549  	 39.267841   
 21:41:14 	 20.529452 	  21.008856 	 20.779142  	 20.769154  	 21.325129  	 22.004242  	 22.020721  	 46.571045  	 43.382263  	 -0.000330  	 39.359101   
 22:11:14 	 20.612682 	  21.032160 	 20.815763  	 20.782471  	 21.358421  	 22.152557  	 22.191010  	 46.582031  	 43.382263  	 -0.000439  	 39.684214   
 22:41:14 	 20.222334 	  21.002197 	 20.772483  	 20.682595  	 21.265203  	 21.790009  	 21.982269  	 47.746582  	 44.096375  	 -0.000330  	 39.376212   
 23:11:14 	 19.975974 	  20.945601 	 20.662620  	 20.539440  	 21.171986  	 21.158295  	 21.608734  	 49.976807  	 45.944824  	 -0.000549  	 39.113840   
 23:41:14 	 20.462036 	  20.982222 	 20.722545  	 20.702570  	 21.275191  	 21.790009  	 21.861420  	 49.965820  	 46.571045  	 -0.000330  	 39.444657   
