  time  	 temp_tab_dw  	 temp_tab_up  	 temp_pl1  	 temp_pl2  	 temp_pl3  	 temp_amb_pc  	 temp_amb_door  	 rh_amb_pc  	 rh_amb_door  	 press_amb  	 press_diff  
 00:03:39 	 20.675937 	  20.955589 	 20.839067  	 20.845725  	 21.624756  	 21.394501  	 21.581268  	 44.832458  	 41.734314  	 -0.000220  	 40.214661   
 00:33:39 	 20.672607 	  20.938943 	 20.855713  	 20.855713  	 21.598122  	 21.443939  	 21.537323  	 44.766541  	 41.899109  	 -0.000330  	 39.946586   
 01:03:39 	 20.655961 	  20.928955 	 20.862371  	 20.835738  	 21.634743  	 21.454926  	 21.520844  	 44.755554  	 41.932068  	 -0.000549  	 39.866734   
 01:33:39 	 20.645974 	  20.935613 	 20.822421  	 20.815763  	 21.618097  	 21.471405  	 21.531830  	 44.535828  	 41.679382  	 -0.000549  	 39.923771   
 02:03:39 	 20.645974 	  20.932284 	 20.852384  	 20.805775  	 21.601452  	 21.372528  	 21.493378  	 44.612732  	 41.613464  	 -0.000439  	 40.077772   
 02:33:39 	 20.655961 	  20.912309 	 20.825750  	 20.815763  	 21.631414  	 21.350555  	 21.471405  	 44.667664  	 41.723328  	 -0.000439  	 40.066364   
 03:03:39 	 20.629328 	  20.912309 	 20.805775  	 20.812433  	 21.588135  	 21.306610  	 21.449432  	 44.821472  	 41.756287  	 -0.000439  	 39.912363   
 03:33:39 	 20.586048 	  20.898992 	 20.835738  	 20.795787  	 21.594793  	 21.350555  	 21.410980  	 44.414978  	 41.679382  	 -0.000549  	 39.855326   
 04:03:39 	 20.602694 	  20.872359 	 20.819092  	 20.719216  	 20.482844  	 21.257172  	 21.449432  	 44.360046  	 41.459656  	 -0.000439  	 39.883845   
 04:33:39 	 20.632657 	  20.895663 	 20.812433  	 20.812433  	 21.591464  	 21.312103  	 21.394501  	 44.239197  	 41.404724  	 -0.000330  	 39.792585   
 05:03:39 	 20.629328 	  20.892334 	 20.829079  	 20.795787  	 21.588135  	 21.328583  	 21.454926  	 44.052429  	 41.239929  	 -0.000439  	 39.883845   
 05:33:39 	 20.629328 	  20.882346 	 20.789129  	 20.789129  	 21.544855  	 21.279144  	 21.421967  	 44.096375  	 41.239929  	 -0.000439  	 39.781178   
 06:03:39 	 20.659291 	  20.849055 	 19.683006  	 20.772483  	 21.588135  	 21.257172  	 21.449432  	 43.997498  	 41.009216  	 -0.000439  	 39.861030   
 06:33:39 	 20.655961 	  20.832409 	 19.683006  	 20.775812  	 21.581476  	 21.427460  	 21.493378  	 43.404236  	 40.635681  	 -0.000330  	 39.929475   
 07:03:39 	 20.642645 	  20.839067 	 19.679676  	 20.762496  	 21.558172  	 21.367035  	 21.487885  	 43.129578  	 40.273132  	 -0.000439  	 39.912363   
 07:33:39 	 20.659291 	  20.829079 	 19.679676  	 20.805775  	 21.568160  	 21.383514  	 21.465912  	 42.843933  	 40.141296  	 -0.000220  	 39.900956   
 08:03:39 	 20.649303 	  20.825750 	 19.669689  	 20.735862  	 21.571489  	 21.438446  	 21.471405  	 42.668152  	 39.888611  	 -0.000220  	 39.946586   
 08:33:39 	 20.642645 	  20.839067 	 19.676347  	 20.785800  	 21.594793  	 21.301117  	 21.460419  	 42.701111  	 39.800720  	 -0.000549  	 39.940882   
 09:03:39 	 20.625999 	  20.812433 	 19.666360  	 20.732533  	 21.578147  	 21.416473  	 21.432953  	 42.701111  	 39.965515  	 -0.000330  	 39.929475   
 09:33:39 	 20.642645 	  20.819092 	 19.669689  	 20.755837  	 21.564830  	 21.449432  	 21.454926  	 42.953796  	 40.229187  	 -0.000439  	 39.838215   
 10:03:39 	 20.659291 	  20.825750 	 19.676347  	 20.789129  	 21.574818  	 21.345062  	 21.498871  	 43.030701  	 40.064392  	 -0.000220  	 39.923771   
 10:33:39 	 20.642645 	  20.822421 	 19.673018  	 20.782471  	 21.558172  	 21.339569  	 21.504364  	 43.008728  	 40.086365  	 -0.000549  	 40.060661   
 11:03:39 	 20.622670 	  20.819092 	 19.659701  	 20.742520  	 21.571489  	 21.350555  	 21.449432  	 43.019714  	 40.141296  	 -0.000549  	 39.963697   
 11:33:39 	 20.632657 	  20.825750 	 19.663030  	 20.759166  	 21.544855  	 21.317596  	 21.504364  	 43.030701  	 39.932556  	 -0.000330  	 40.089179   
 12:03:39 	 20.662620 	  20.815763 	 19.676347  	 20.785800  	 21.584806  	 21.394501  	 21.504364  	 42.602234  	 39.734802  	 -0.000330  	 39.952290   
 12:33:39 	 20.682595 	  20.825750 	 19.673018  	 20.775812  	 21.554843  	 21.383514  	 21.509857  	 42.602234  	 39.811707  	 -0.000439  	 40.094883   
 13:03:39 	 20.649303 	  20.815763 	 19.666360  	 20.762496  	 21.584806  	 21.460419  	 21.493378  	 41.976013  	 39.152527  	 -0.000330  	 40.157624   
 13:33:39 	 20.669278 	  20.815763 	 19.669689  	 20.719216  	 21.561501  	 21.427460  	 21.471405  	 42.074890  	 39.317322  	 -0.000439  	 40.037846   
 14:03:39 	 20.672607 	  20.825750 	 19.673018  	 20.742520  	 21.558172  	 21.367035  	 21.509857  	 42.316589  	 39.471130  	 -0.000330  	 40.003623   
 14:33:39 	 20.659291 	  20.839067 	 19.666360  	 20.779142  	 21.564830  	 21.493378  	 21.487885  	 42.613220  	 39.778748  	 -0.000439  	 39.975105   
 15:03:39 	 20.662620 	  20.822421 	 19.663030  	 20.765825  	 21.578147  	 21.443939  	 21.471405  	 42.975769  	 40.130310  	 -0.000330  	 40.003623   
 15:33:39 	 20.669278 	  20.819092 	 19.669689  	 20.759166  	 21.594793  	 21.389008  	 21.509857  	 43.151550  	 40.306091  	 -0.000549  	 40.089179   
 16:03:39 	 20.642645 	  20.832409 	 19.666360  	 20.765825  	 21.574818  	 21.465912  	 21.515350  	 43.261414  	 40.503845  	 -0.000110  	 40.009327   
 16:33:39 	 20.649303 	  20.832409 	 19.659701  	 20.759166  	 21.548184  	 21.432953  	 21.520844  	 43.612976  	 40.734558  	 -0.000330  	 39.918067   
 17:03:39 	 20.619340 	  20.815763 	 19.659701  	 20.745850  	 21.568160  	 21.372528  	 21.493378  	 43.722839  	 40.800476  	 -0.000439  	 39.878141   
 17:33:39 	 20.602694 	  20.809104 	 19.656372  	 20.762496  	 21.568160  	 21.284637  	 21.432953  	 43.953552  	 41.053162  	 -0.000439  	 40.129105   
 18:03:39 	 20.596036 	  20.802446 	 19.646384  	 20.755837  	 21.548184  	 21.345062  	 21.416473  	 43.920593  	 41.075134  	 -0.000439  	 40.169032   
 18:33:39 	 20.612682 	  20.799117 	 19.649714  	 20.722545  	 21.538197  	 21.323090  	 21.389008  	 43.887634  	 41.174011  	 -0.000439  	 40.129105   
 19:03:39 	 20.635986 	  20.812433 	 19.656372  	 20.742520  	 21.551514  	 21.378021  	 21.471405  	 43.623962  	 40.855408  	 -0.000439  	 39.986512   
 19:33:39 	 20.629328 	  20.805775 	 19.656372  	 20.735862  	 21.524880  	 21.339569  	 21.471405  	 43.173523  	 40.262146  	 -0.000330  	 40.043549   
 20:03:39 	 20.572732 	  20.792458 	 19.639726  	 20.705899  	 21.531539  	 21.262665  	 21.471405  	 42.723083  	 39.668884  	 -0.000549  	 39.923771   
 20:33:39 	 20.599365 	  20.782471 	 19.636397  	 20.725874  	 21.551514  	 21.323090  	 21.427460  	 41.987000  	 39.163513  	 -0.000220  	 39.957993   
 21:03:39 	 20.576061 	  20.779142 	 19.626409  	 20.712558  	 21.521551  	 21.224213  	 21.361542  	 41.679382  	 38.822937  	 -0.000330  	 39.963697   
 21:33:39 	 20.542769 	  20.765825 	 19.619751  	 20.739191  	 21.504905  	 21.240692  	 21.334076  	 40.833435  	 37.933044  	 -0.000330  	 39.878141   
 22:03:39 	 20.532781 	  20.762496 	 19.616422  	 20.725874  	 21.518222  	 21.169281  	 21.339569  	 40.778503  	 37.790222  	 -0.000549  	 39.826807   
 22:33:39 	 20.539440 	  20.792458 	 20.729204  	 20.732533  	 21.511563  	 21.224213  	 21.317596  	 40.382996  	 37.691345  	 -0.000330  	 39.838215   
 23:03:39 	 20.516135 	  20.789129 	 20.735862  	 20.742520  	 21.491588  	 21.130829  	 21.306610  	 39.053650  	 36.175232  	 -0.000330  	 39.752659   
 23:33:39 	 20.499490 	  20.772483 	 20.719216  	 20.652632  	 21.508234  	 21.191254  	 21.240692  	 37.801208  	 35.087585  	 -0.000439  	 39.541621   
