  time  	 temp_tab_dw  	 temp_tab_up  	 temp_pl1  	 temp_pl2  	 temp_pl3  	 temp_amb_pc  	 temp_amb_door  	 rh_amb_pc  	 rh_amb_door  	 press_amb  	 press_diff  
 00:04:51 	 20.712558 	  21.927712 	 20.879017  	 21.115390  	 21.741278  	 21.702118  	 21.839447  	 46.494141  	 43.503113  	 -0.000439  	 39.056803   
 00:34:51 	 20.695912 	  21.897749 	 20.898992  	 21.112061  	 21.704656  	 21.575775  	 21.790009  	 45.571289  	 42.580261  	 -0.000439  	 39.245026   
 01:04:51 	 20.672607 	  21.072110 	 19.929366  	 21.085427  	 21.678023  	 21.559296  	 21.735077  	 45.197754  	 42.294617  	 -0.000439  	 39.187989   
 01:34:51 	 20.635986 	  21.065452 	 19.909391  	 21.088756  	 21.671365  	 21.454926  	 21.674652  	 45.219727  	 42.184753  	 -0.000439  	 39.136655   
 02:04:51 	 20.619340 	  21.052135 	 19.906061  	 21.065452  	 21.681352  	 21.460419  	 21.647186  	 44.953308  	 42.041931  	 -0.000330  	 38.908506   
 02:34:51 	 20.619340 	  21.045477 	 19.899403  	 21.045477  	 21.648060  	 21.454926  	 21.647186  	 44.217224  	 41.195984  	 -0.000439  	 39.182285   
 03:04:51 	 20.619340 	  21.045477 	 19.896074  	 21.062123  	 21.668035  	 21.515350  	 21.691132  	 44.041443  	 40.998230  	 -0.000439  	 39.130952   
 03:34:51 	 20.616011 	  21.038818 	 20.852384  	 21.025502  	 21.651389  	 21.443939  	 21.663666  	 43.733826  	 40.668640  	 -0.000439  	 39.051099   
 04:04:51 	 20.616011 	  21.035489 	 20.819092  	 21.005526  	 21.651389  	 21.476898  	 21.669159  	 42.810974  	 39.778748  	 -0.000439  	 39.148063   
 04:34:51 	 20.596036 	  21.022172 	 20.819092  	 21.018843  	 21.658048  	 21.383514  	 21.647186  	 42.107849  	 39.053650  	 -0.000549  	 39.011173   
 05:04:51 	 20.579390 	  21.008856 	 20.785800  	 20.998868  	 21.624756  	 21.350555  	 21.570282  	 39.723816  	 36.834412  	 -0.000330  	 39.056803   
 05:34:51 	 20.572732 	  20.998868 	 19.859453  	 21.015514  	 21.638073  	 21.383514  	 21.564789  	 40.437927  	 37.570496  	 -0.000330  	 38.982655   
 06:04:51 	 20.599365 	  20.995539 	 19.859453  	 20.988881  	 21.671365  	 21.427460  	 21.548309  	 40.174255  	 37.273865  	 -0.000220  	 39.068211   
 06:34:51 	 20.635986 	  21.005526 	 20.822421  	 20.985551  	 21.618097  	 21.438446  	 21.581268  	 41.141052  	 38.229675  	 -0.000110  	 38.783024   
 07:04:51 	 20.616011 	  21.002197 	 20.805775  	 20.992210  	 21.618097  	 21.493378  	 21.608734  	 40.943298  	 38.020935  	 -0.000549  	 38.897099   
 07:34:51 	 20.625999 	  20.995539 	 19.866111  	 20.975564  	 21.634743  	 21.454926  	 21.641693  	 41.119080  	 38.130798  	 -0.000330  	 38.925617   
 08:04:51 	 20.556086 	  20.982222 	 19.849465  	 20.992210  	 21.648060  	 21.449432  	 21.647186  	 43.305359  	 40.053406  	 -0.000330  	 39.068211   
 08:34:51 	 20.592707 	  20.985551 	 19.846136  	 20.988881  	 21.624756  	 21.367035  	 21.592255  	 44.887390  	 41.624451  	 -0.000220  	 38.959840   
 09:04:51 	 20.566073 	  20.968905 	 19.842807  	 21.008856  	 21.621427  	 21.273651  	 21.542816  	 46.450195  	 43.162537  	 -0.000439  	 38.908506   
 09:34:51 	 20.599365 	  20.968905 	 19.846136  	 20.972235  	 21.621427  	 21.361542  	 21.559296  	 47.460938  	 44.491882  	 -0.000220  	 38.976951   
 10:04:51 	 20.602694 	  20.972235 	 19.839478  	 20.968905  	 21.618097  	 21.443939  	 21.581268  	 48.240967  	 45.230713  	 -0.000330  	 39.085322   
 10:34:51 	 20.635986 	  20.975564 	 19.839478  	 21.002197  	 21.614768  	 21.465912  	 21.581268  	 48.625488  	 45.604248  	 -0.000659  	 38.931321   
 11:04:51 	 20.682595 	  20.972235 	 20.812433  	 20.992210  	 21.631414  	 21.559296  	 21.669159  	 49.097900  	 46.318359  	 -0.000549  	 39.136655   
 11:34:51 	 20.616011 	  20.972235 	 20.812433  	 20.982222  	 21.641402  	 21.465912  	 21.669159  	 49.185791  	 46.362305  	 -0.000220  	 39.096729   
 12:04:51 	 20.659291 	  20.978893 	 20.815763  	 21.028831  	 21.631414  	 21.504364  	 21.680145  	 48.350830  	 45.351562  	 -0.000330  	 38.965543   
 12:34:51 	 20.745850 	  20.995539 	 20.819092  	 21.045477  	 21.661377  	 21.685638  	 21.779022  	 47.340088  	 44.601746  	 -0.000220  	 39.051099   
 13:04:51 	 20.655961 	  21.005526 	 20.865700  	 21.052135  	 21.664706  	 21.592255  	 21.762543  	 45.010986  	 42.173767  	 -0.000330  	 39.119544   
 13:34:51 	 20.669278 	  21.008856 	 20.819092  	 20.992210  	 21.668035  	 21.630707  	 21.822968  	 46.274414  	 43.085632  	 -0.000330  	 39.068211   
 14:04:51 	 20.705899 	  21.022172 	 20.859042  	 21.092085  	 21.661377  	 21.702118  	 21.850433  	 45.582275  	 42.459412  	 -0.000220  	 39.205100   
 14:34:51 	 20.735862 	  21.042148 	 20.852384  	 21.062123  	 21.691340  	 21.713104  	 21.916351  	 43.217468  	 40.361023  	 -0.000330  	 39.216508   
 15:04:51 	 20.729204 	  21.042148 	 20.885676  	 21.138694  	 21.714644  	 21.740570  	 21.844940  	 40.811462  	 38.009949  	 -0.000549  	 39.045396   
 15:34:51 	 20.749179 	  21.052135 	 20.889005  	 21.102073  	 21.737948  	 21.647186  	 21.844940  	 41.679382  	 38.482361  	 -0.000659  	 39.033988   
 16:04:51 	 20.745850 	  21.065452 	 20.892334  	 21.098744  	 21.717973  	 21.685638  	 21.899872  	 42.580261  	 39.438171  	 -0.000220  	 38.948432   
 16:34:51 	 20.742520 	  21.088756 	 20.895663  	 21.128706  	 21.751265  	 21.751556  	 21.905365  	 42.975769  	 39.954529  	 -0.000439  	 38.994062   
 17:04:51 	 20.762496 	  21.095415 	 19.965987  	 21.188632  	 21.754594  	 21.795502  	 21.932831  	 41.239929  	 38.493347  	 -0.000549  	 39.051099   
 17:34:51 	 20.819092 	  21.108731 	 19.982633  	 21.218595  	 21.757923  	 21.839447  	 21.976776  	 40.580750  	 37.691345  	 -0.000549  	 39.182285   
 18:04:51 	 20.782471 	  21.115390 	 19.982633  	 21.198619  	 21.747936  	 21.751556  	 21.960297  	 42.305603  	 39.174500  	 -0.000439  	 39.227915   
 18:34:51 	 20.752508 	  21.122048 	 19.985962  	 21.201949  	 21.757923  	 21.811981  	 21.954803  	 43.250427  	 40.262146  	 -0.000549  	 39.210804   
 19:04:51 	 20.872359 	  21.158669 	 20.015925  	 21.238570  	 21.797874  	 21.800995  	 22.020721  	 43.865662  	 40.800476  	 -0.000220  	 39.267841   
 19:34:51 	 20.789129 	  21.142023 	 20.005937  	 21.218595  	 21.787886  	 21.795502  	 21.976776  	 44.041443  	 41.031189  	 -0.000549  	 39.370509   
 20:04:51 	 20.812433 	  21.158669 	 20.019254  	 21.215265  	 21.824507  	 21.844940  	 22.004242  	 44.678650  	 41.503601  	 -0.000330  	 39.359101   
 20:34:51 	 20.859042 	  21.178644 	 20.032571  	 21.238570  	 21.831166  	 21.817474  	 22.031708  	 45.714111  	 42.657166  	 -0.000549  	 39.381916   
 21:04:51 	 20.835738 	  21.178644 	 20.032571  	 21.255216  	 21.837824  	 21.872406  	 22.020721  	 45.911865  	 42.975769  	 -0.000439  	 39.313471   
 21:34:51 	 20.772483 	  21.165328 	 20.019254  	 21.205278  	 21.817849  	 21.751556  	 21.938324  	 46.307373  	 43.250427  	 -0.000220  	 39.205100   
 22:04:51 	 20.852384 	  21.188632 	 20.042558  	 21.225253  	 21.861128  	 21.822968  	 21.971283  	 46.450195  	 43.470154  	 -0.000439  	 39.284953   
 22:34:51 	 20.839067 	  21.191961 	 20.045887  	 21.241899  	 21.834495  	 21.833954  	 21.993256  	 46.054688  	 43.074646  	 -0.000330  	 39.267841   
 23:04:51 	 20.785800 	  21.175315 	 20.032571  	 21.215265  	 21.817849  	 21.718597  	 21.921844  	 43.909607  	 40.954285  	 -0.000439  	 39.410435   
 23:34:51 	 20.825750 	  21.185303 	 20.042558  	 21.228582  	 21.834495  	 21.735077  	 21.949310  	 45.043945  	 41.954041  	 -0.000220  	 39.290656   
